=== RUN 1 ===
packet 0:
  41 00 00 64 00 00 00 02 00 0a 00 a0 24 5e 04 0a 00 00 00 00 00 00 00 88 ce 63 04 40 d0 63 04 90
  24 5e 04 00 00 0f 01 13 00 00 00 38 ea 19 00 aa ec 18 77 00 00 00 00 6e 4b 04 ca b0 63 18 03 00
packet 1:
  42 00 00 00 00 00 00 00 00 00 00 00 00 00 00 00 00 00 00 00 00 00 00 c0 f2 fc ff ff ff ff ff 00
  00 00 00 bc e9 19 00 08 d5 08 ed a4 ea 19 00 e0 9b e8 74 24 67 1c 40 fe ff ff ff 24 ea 19 00 4f
packet 2:
  43 00 00 00 00 00 00 00 00 00 00 00 00 00 00 00 00 00 00 00 00 00 00 c0 f2 fc ff ff ff ff ff 00
  00 00 00 bc e9 19 00 08 d5 08 ed a4 ea 19 00 e0 9b e8 74 24 67 1c 40 fe ff ff ff 24 ea 19 00 4f
packet 3:
  40 00 00 7c 92 1c 77 09 23 1e 77 00 00 00 00 18 ea 19 00 00 00 00 00 00 00 00 00 18 ea 19 00 18
  ea 19 00 00 00 0f 01 3c ea 19 00 b0 0e e8 74 00 00 00 00 cd 0e e8 74 68 b0 f2 34 a0 1d 07 03 00
packet 4:
  04 46 00 11 5d 12 96 11 53 12 de 11 38 12 f7 12 c1 11 c8 a0 1d 07 03 1b 98 3a 2d 00 00 0f 01 14
  ea 19 00 30 ea 19 00 aa ec 18 77 00 00 00 00 66 4b 04 ca a0 1d 07 03 00 00 00 00 34 08 00 00 08
packet 5:
  a0 00 00 c8 92 21 03 00 00 0f 01 ac ea 19 00 73 98 3a 2d 2f 00 00 00 74 ea 19 00 64 00 00 00 0e
  00 0c 00 f0 24 5e 04 0c 00 00 00 00 00 00 00 00 90 21 03 c8 92 21 03 e0 24 5e 04 00 00 0f 01 2f
packet 6:
  a0 00 00 d0 90 21 03 00 00 0f 01 ac ea 19 00 73 98 3a 2d 2f 00 00 00 74 ea 19 00 64 00 00 00 0e
  00 03 00 f0 24 5e 04 03 00 00 00 00 00 00 00 00 90 21 03 d0 90 21 03 e0 24 5e 04 00 00 0f 01 2f
packet 7:
  a0 00 00 38 93 21 03 00 00 0f 01 ac ea 19 00 73 98 3a 2d 2f 00 00 00 74 ea 19 00 64 00 00 00 0e
  00 0e 00 f0 24 5e 04 0e 00 00 00 00 00 00 00 00 90 21 03 38 93 21 03 e0 24 5e 04 00 00 0f 01 2f
packet 8:
  a0 00 00 c8 92 21 03 00 00 0f 01 ac ea 19 00 73 98 3a 2d 2f 00 00 00 74 ea 19 00 64 00 00 00 0e
  00 0c 00 f0 24 5e 04 0c 00 00 00 00 00 00 00 00 90 21 03 c8 92 21 03 e0 24 5e 04 00 00 0f 01 2f
packet 9:
  a0 00 00 38 93 21 03 00 00 0f 01 ac ea 19 00 73 98 3a 2d 2f 00 00 00 74 ea 19 00 64 00 00 00 0e
  00 0e 00 f0 24 5e 04 0e 00 00 00 00 00 00 00 00 90 21 03 38 93 21 03 e0 24 5e 04 00 00 0f 01 2f
packet 10:
  a0 00 00 c8 92 21 03 00 00 0f 01 ac ea 19 00 73 98 3a 2d 2f 00 00 00 74 ea 19 00 64 00 00 00 0e
  00 0c 00 f0 24 5e 04 0c 00 00 00 00 00 00 00 00 90 21 03 c8 92 21 03 e0 24 5e 04 00 00 0f 01 2f
packet 11:
  a0 00 00 00 93 21 03 00 00 0f 01 ac ea 19 00 73 98 3a 2d 2f 00 00 00 74 ea 19 00 64 00 00 00 0e
  00 0d 00 f0 24 5e 04 0d 00 00 00 00 00 00 00 00 90 21 03 00 93 21 03 e0 24 5e 04 00 00 0f 01 2f
packet 12:
  a0 00 00 90 92 21 03 00 00 0f 01 ac ea 19 00 73 98 3a 2d 2f 00 00 00 74 ea 19 00 64 00 00 00 0e
  00 0b 00 f0 24 5e 04 0b 00 00 00 00 00 00 00 00 90 21 03 90 92 21 03 e0 24 5e 04 00 00 0f 01 2f
packet 13:
  a0 00 00 40 91 21 03 00 00 0f 01 ac ea 19 00 73 98 3a 2d 2f 00 00 00 74 ea 19 00 64 00 00 00 0e
  00 05 00 f0 24 5e 04 05 00 00 00 00 00 00 00 00 90 21 03 40 91 21 03 e0 24 5e 04 00 00 0f 01 2f
packet 14:
  a0 00 00 a8 93 21 03 00 00 0f 01 ac ea 19 00 73 98 3a 2d 2f 00 00 00 74 ea 19 00 64 00 00 00 0e
  00 10 00 f0 24 5e 04 10 00 00 00 00 00 00 00 00 90 21 03 a8 93 21 03 e0 24 5e 04 00 00 0f 01 2f
packet 15:
  41 00 00 64 00 00 00 02 00 05 00 a0 24 5e 04 05 00 00 00 00 00 00 00 88 ce 63 04 78 cf 63 04 90
  24 5e 04 00 00 0f 01 13 00 00 00 38 ea 19 00 aa ec 18 77 00 00 00 00 6e 4b 04 ca 00 00 00 00 01
packet 16:
  42 00 00 00 00 00 00 00 00 00 00 00 00 00 00 00 00 00 00 00 00 00 00 c0 f2 fc ff ff ff ff ff 00
  00 00 00 bc e9 19 00 08 26 08 7b a4 ea 19 00 e0 9b e8 74 24 67 1c 40 fe ff ff ff 24 ea 19 00 4f
packet 17:
  43 00 00 00 00 00 00 00 00 00 00 00 00 00 00 00 00 00 00 00 00 00 00 c0 f2 fc ff ff ff ff ff 00
  00 00 00 bc e9 19 00 08 26 08 7b a4 ea 19 00 e0 9b e8 74 24 67 1c 40 fe ff ff ff 24 ea 19 00 4f
packet 18:
  41 01 00 cd 0e e8 74 40 b0 f2 34 34 08 00 00 00 00 00 00 20 d7 18 76 24 00 00 00 01 00 00 00 00
  00 00 00 00 00 00 00 00 00 00 00 00 00 00 00 00 00 00 00 00 00 00 00 00 00 00 00 c0 f2 fc ff ff
packet 19:
  40 00 00 7c 92 1c 77 09 23 1e 77 00 00 00 00 18 ea 19 00 00 00 00 00 00 00 00 00 18 ea 19 00 18
  ea 19 00 00 00 0f 01 3c ea 19 00 b0 0e e8 74 00 00 00 00 cd 0e e8 74 68 b0 f2 34 a0 1d 07 03 00
packet 20:
  04 0a 02 30 00 00 00 3b 00 00 00 70 eb 19 00 f9 f6 18 77 00 00 00 00 26 4a 04 ca 2f 00 00 00 30
  00 00 00 0f 00 00 00 48 eb 19 00 a0 eb 19 00 c8 eb 19 00 70 1b 1d 77 ee 7a 3b bd fe ff ff ff 90
packet 21:
  40 00 00 28 3e 64 04 00 00 0f 01 04 ec 19 00 03 9b 3a 2d 2f 00 00 00 c4 eb 19 00 3a 08 00 00 07
  00 04 00 90 39 64 04 04 00 00 00 00 00 00 00 20 3d 64 04 28 3e 64 04 80 39 64 04 00 00 0f 01 2f
packet 22:
  04 0a 01 b8 eb 19 00 00 01 00 00 c4 eb 19 00 00 00 00 00 c5 eb 19 00 3e 00 00 00 c4 eb 19 00 42
  00 00 00 00 00 00 00 00 00 00 00 00 00 00 00 00 00 00 00 88 eb 19 00 0c 8c 95 70 32 78 96 70 c4
packet 23:
  40 00 00 d0 3e 64 04 00 00 0f 01 04 ec 19 00 03 9b 3a 2d 2f 00 00 00 c4 eb 19 00 5d 08 00 00 07
  00 07 00 90 39 64 04 07 00 00 00 00 00 00 00 20 3d 64 04 d0 3e 64 04 80 39 64 04 00 00 0f 01 2f
packet 24:
  04 8a 00 b8 eb 19 00 80 00 00 00 c4 eb 19 00 00 00 00 00 c5 eb 19 00 3e 00 00 00 c4 eb 19 00 42
  00 00 00 00 00 00 00 00 00 00 00 00 00 00 00 00 00 00 00 88 eb 19 00 0c 8c 95 70 32 78 96 70 c4
packet 25:
  40 00 00 28 3e 64 04 00 00 0f 01 04 ec 19 00 03 9b 3a 2d 2f 00 00 00 c4 eb 19 00 81 08 00 00 07
  00 04 00 90 39 64 04 04 00 00 00 00 00 00 00 20 3d 64 04 28 3e 64 04 80 39 64 04 00 00 0f 01 2f
packet 26:
  04 4a 00 b8 eb 19 00 40 00 00 00 c4 eb 19 00 00 00 00 00 c5 eb 19 00 3e 00 00 00 c4 eb 19 00 42
  00 00 00 00 00 00 00 00 00 00 00 00 00 00 00 00 00 00 00 88 eb 19 00 0c 8c 95 70 32 78 96 70 c4
packet 27:
  40 00 00 80 3d 64 04 00 00 0f 01 04 ec 19 00 03 9b 3a 2d 2f 00 00 00 c4 eb 19 00 a4 08 00 00 07
  00 01 00 90 39 64 04 01 00 00 00 00 00 00 00 20 3d 64 04 80 3d 64 04 80 39 64 04 00 00 0f 01 2f
packet 28:
  04 6a 00 b8 eb 19 00 20 00 00 00 c4 eb 19 00 00 00 00 00 c5 eb 19 00 3e 00 00 00 c4 eb 19 00 42
  00 00 00 00 00 00 00 00 00 00 00 00 00 00 00 00 00 00 00 88 eb 19 00 0c 8c 95 70 32 78 96 70 c4
packet 29:
  40 00 00 98 3e 64 04 00 00 0f 01 04 ec 19 00 03 9b 3a 2d 2f 00 00 00 c4 eb 19 00 c8 08 00 00 07
  00 06 00 90 39 64 04 06 00 00 00 00 00 00 00 20 3d 64 04 98 3e 64 04 80 39 64 04 00 00 0f 01 2f
packet 30:
  04 7a 00 b8 eb 19 00 10 00 00 00 c4 eb 19 00 00 00 00 00 c5 eb 19 00 3e 00 00 00 c4 eb 19 00 42
  00 00 00 00 00 00 00 00 00 00 00 00 00 00 00 00 00 00 00 88 eb 19 00 0c 8c 95 70 32 78 96 70 c4
packet 31:
  40 00 00 d0 3e 64 04 00 00 0f 01 04 ec 19 00 03 9b 3a 2d 2f 00 00 00 c4 eb 19 00 ec 08 00 00 07
  00 07 00 90 39 64 04 07 00 00 00 00 00 00 00 20 3d 64 04 d0 3e 64 04 80 39 64 04 00 00 0f 01 2f
packet 32:
  04 72 00 b8 eb 19 00 08 00 00 00 c4 eb 19 00 00 00 00 00 c5 eb 19 00 3e 00 00 00 c4 eb 19 00 42
  00 00 00 00 00 00 00 00 00 00 00 00 00 00 00 00 00 00 00 88 eb 19 00 0c 8c 95 70 32 78 96 70 c4
packet 33:
  40 00 00 48 3d 64 04 00 00 0f 01 04 ec 19 00 03 9b 3a 2d 2f 00 00 00 c4 eb 19 00 11 09 00 00 07
  00 00 00 90 39 64 04 00 00 00 00 00 00 00 00 20 3d 64 04 48 3d 64 04 80 39 64 04 00 00 0f 01 2f
packet 34:
  40 00 00 28 3e 64 04 00 00 0f 01 3c ec 19 00 c3 9a 3a 2d 2f 00 00 00 04 ec 19 00 37 09 00 00 07
  00 04 00 90 39 64 04 04 00 00 00 00 00 00 00 20 3d 64 04 28 3e 64 04 80 39 64 04 00 00 0f 01 2f
packet 35:
  40 00 00 80 3d 64 04 00 00 0f 01 3c ec 19 00 c3 9a 3a 2d 2f 00 00 00 04 ec 19 00 5c 09 00 00 07
  00 01 00 90 39 64 04 01 00 00 00 00 00 00 00 20 3d 64 04 80 3d 64 04 80 39 64 04 00 00 0f 01 2f
packet 36:
  40 00 00 b8 3d 64 04 00 00 0f 01 3c ec 19 00 c3 9a 3a 2d 2f 00 00 00 04 ec 19 00 80 09 00 00 07
  00 02 00 90 39 64 04 02 00 00 00 00 00 00 00 20 3d 64 04 b8 3d 64 04 80 39 64 04 00 00 0f 01 2f
packet 37:
  40 00 00 98 3e 64 04 00 00 0f 01 3c ec 19 00 c3 9a 3a 2d 2f 00 00 00 04 ec 19 00 a4 09 00 00 07
  00 06 00 90 39 64 04 06 00 00 00 00 00 00 00 20 3d 64 04 98 3e 64 04 80 39 64 04 00 00 0f 01 2f
packet 38:
  40 00 00 48 3d 64 04 00 00 0f 01 3c ec 19 00 c3 9a 3a 2d 2f 00 00 00 04 ec 19 00 c8 09 00 00 07
  00 00 00 90 39 64 04 00 00 00 00 00 00 00 00 20 3d 64 04 48 3d 64 04 80 39 64 04 00 00 0f 01 2f
packet 39:
  40 00 00 b8 3d 64 04 00 00 0f 01 3c ec 19 00 c3 9a 3a 2d 2f 00 00 00 04 ec 19 00 ec 09 00 00 07
  00 02 00 90 39 64 04 02 00 00 00 00 00 00 00 20 3d 64 04 b8 3d 64 04 80 39 64 04 00 00 0f 01 2f
packet 40:
  40 00 00 28 3e 64 04 00 00 0f 01 3c ec 19 00 c3 9a 3a 2d 2f 00 00 00 04 ec 19 00 11 0a 00 00 07
  00 04 00 90 39 64 04 04 00 00 00 00 00 00 00 20 3d 64 04 28 3e 64 04 80 39 64 04 00 00 0f 01 2f
packet 41:
  40 00 00 98 3e 64 04 00 00 0f 01 3c ec 19 00 c3 9a 3a 2d 2f 00 00 00 04 ec 19 00 36 0a 00 00 07
  00 06 00 90 39 64 04 06 00 00 00 00 00 00 00 20 3d 64 04 98 3e 64 04 80 39 64 04 00 00 0f 01 2f
packet 42:
  40 00 00 98 3e 64 04 00 00 0f 01 3c ec 19 00 c3 9a 3a 2d 2f 00 00 00 04 ec 19 00 59 0a 00 00 07
  00 06 00 90 39 64 04 06 00 00 00 00 00 00 00 20 3d 64 04 98 3e 64 04 80 39 64 04 00 00 0f 01 2f
packet 43:
  40 00 00 28 3e 64 04 00 00 0f 01 3c ec 19 00 c3 9a 3a 2d 2f 00 00 00 04 ec 19 00 7d 0a 00 00 07
  00 04 00 90 39 64 04 04 00 00 00 00 00 00 00 20 3d 64 04 28 3e 64 04 80 39 64 04 00 00 0f 01 2f
