=== RUN 1 ===
packet 0:
  00 00 00 fc 00 00 00 07 00 00 00 fb aa 3a 2d 78 db 19 00 60 b0 9f 70 00 00 00 00 a0 b2 9f 70 00
  00 00 00 ec da 19 00 70 e2 19 00 80 46 98 70 00 00 00 00 2c db 19 00 ae 35 82 70 07 00 00 00 04
packet 1:
  00 00 00 a8 da 19 00 f9 f6 18 77 00 00 00 00 fe 7b 04 ca 1f 00 00 00 20 00 00 00 0f 00 00 00 80
  da 19 00 c7 4d e6 74 00 db 19 00 70 1b 1d 77 9e 20 1e 77 78 81 71 04 00 00 0f 01 00 00 00 00 00
packet 2:
  01 00 00 85 10 83 70 00 00 00 00 00 00 00 00 41 00 00 00 00 00 00 00 00 00 00 00 38 08 00 00 41
  00 00 00 41 00 00 00 00 00 00 00 a8 da 19 00 f9 f6 18 77 00 00 00 00 fe 7b 04 ca 1f 00 00 00 20
packet 3:
  02 00 00 c0 46 0f 01 b7 0b 1e 77 00 00 00 00 00 00 0f 01 b8 5f 19 03 c1 01 00 00 08 0e 00 00 00
  00 00 00 02 00 00 00 03 00 00 00 00 00 00 00 00 0e 00 00 00 00 84 1a 54 d9 19 00 f9 f6 18 77 00
packet 4:
  04 1e 00 00 00 00 00 20 00 00 00 02 00 00 00 00 00 00 00 20 00 00 00 64 00 00 00 d0 df 19 00 f9
  f6 18 77 00 00 00 00 86 7e 04 ca 1f 00 00 00 20 00 00 00 0f 00 00 00 a8 df 19 00 00 00 0f 01 28
packet 5:
  04 32 00 00 00 00 00 a0 81 71 04 2c df 19 00 c4 5f 82 70 a0 81 71 04 c3 ae 3a 2d 78 b2 9f 70 f7
  08 00 00 4d 60 82 70 00 00 00 00 bf 02 00 00 01 06 66 00 b0 4f 61 04 66 00 00 00 00 00 00 00 90
packet 6:
  40 00 00 30 88 3b 03 00 00 0f 01 74 df 19 00 b3 af 3a 2d 2f 00 00 00 34 df 19 00 64 00 00 00 df
  00 6b 00 28 58 61 04 6b 00 00 00 00 00 00 00 08 70 3b 03 30 88 3b 03 18 58 61 04 00 00 0f 01 2f
packet 7:
  40 00 00 d0 8a 3b 03 00 00 0f 01 e4 de 19 00 23 ac 3a 2d 2f 00 00 00 a4 de 19 00 64 00 00 00 df
  00 77 00 28 58 61 04 77 00 00 00 00 00 00 00 08 70 3b 03 d0 8a 3b 03 18 58 61 04 00 00 0f 01 2f
packet 8:
  40 00 00 f0 89 3b 03 00 00 0f 01 e4 de 19 00 23 ac 3a 2d 2f 00 00 00 a4 de 19 00 64 00 00 00 df
  00 73 00 28 58 61 04 73 00 00 00 00 00 00 00 08 70 3b 03 f0 89 3b 03 18 58 61 04 00 00 0f 01 2f
packet 9:
  40 00 00 70 86 3b 03 00 00 0f 01 e4 de 19 00 23 ac 3a 2d 2f 00 00 00 a4 de 19 00 64 00 00 00 df
  00 63 00 28 58 61 04 63 00 00 00 00 00 00 00 08 70 3b 03 70 86 3b 03 18 58 61 04 00 00 0f 01 2f
packet 10:
  40 00 00 d8 88 3b 03 00 00 0f 01 e4 de 19 00 23 ac 3a 2d 2f 00 00 00 a4 de 19 00 64 00 00 00 df
  00 6e 00 28 58 61 04 6e 00 00 00 00 00 00 00 08 70 3b 03 d8 88 3b 03 18 58 61 04 00 00 0f 01 2f
packet 11:
  40 00 00 60 8a 3b 03 00 00 0f 01 e4 de 19 00 23 ac 3a 2d 2f 00 00 00 a4 de 19 00 64 00 00 00 df
  00 75 00 28 58 61 04 75 00 00 00 00 00 00 00 08 70 3b 03 60 8a 3b 03 18 58 61 04 00 00 0f 01 2f
packet 12:
  40 00 00 38 86 3b 03 00 00 0f 01 e4 de 19 00 23 ac 3a 2d 2f 00 00 00 a4 de 19 00 64 00 00 00 df
  00 62 00 28 58 61 04 62 00 00 00 00 00 00 00 08 70 3b 03 38 86 3b 03 18 58 61 04 00 00 0f 01 2f
packet 13:
  40 00 00 b8 89 3b 03 00 00 0f 01 e4 de 19 00 23 ac 3a 2d 2f 00 00 00 a4 de 19 00 64 00 00 00 df
  00 72 00 28 58 61 04 72 00 00 00 00 00 00 00 08 70 3b 03 b8 89 3b 03 18 58 61 04 00 00 0f 01 2f
packet 14:
  40 00 00 68 88 3b 03 00 00 0f 01 e4 de 19 00 23 ac 3a 2d 2f 00 00 00 a4 de 19 00 64 00 00 00 df
  00 6c 00 28 58 61 04 6c 00 00 00 00 00 00 00 08 70 3b 03 68 88 3b 03 18 58 61 04 00 00 0f 01 2f
packet 15:
  40 00 00 18 87 3b 03 00 00 0f 01 e4 de 19 00 23 ac 3a 2d 2f 00 00 00 a4 de 19 00 64 00 00 00 df
  00 66 00 28 58 61 04 66 00 00 00 00 00 00 00 08 70 3b 03 18 87 3b 03 18 58 61 04 00 00 0f 01 2f
packet 16:
  40 00 00 d0 8a 3b 03 00 00 0f 01 e4 de 19 00 23 ac 3a 2d 2f 00 00 00 a4 de 19 00 64 00 00 00 df
  00 77 00 28 58 61 04 77 00 00 00 00 00 00 00 08 70 3b 03 d0 8a 3b 03 18 58 61 04 00 00 0f 01 2f
packet 17:
  04 0f 00 00 00 00 00 78 81 71 04 9c de 19 00 c4 5f 82 70 78 81 71 04 73 af 3a 2d 78 b2 9f 70 f7
  08 00 00 4d 60 82 70 00 00 00 00 bf 02 00 00 01 06 66 00 b0 4f 61 04 66 00 00 00 00 00 00 00 90
packet 18:
  40 00 00 20 8c 3b 03 00 00 0f 01 e4 de 19 00 23 ac 3a 2d 2f 00 00 00 a4 de 19 00 64 00 00 00 dd
  00 7d 00 28 58 61 04 7d 00 00 00 00 00 00 00 08 70 3b 03 20 8c 3b 03 18 58 61 04 00 00 0f 01 2f
packet 19:
  40 00 00 80 89 3b 03 00 00 0f 01 e4 de 19 00 23 ac 3a 2d 2f 00 00 00 a4 de 19 00 64 00 00 00 dd
  00 71 00 28 58 61 04 71 00 00 00 00 00 00 00 08 70 3b 03 80 89 3b 03 18 58 61 04 00 00 0f 01 2f
packet 20:
  40 00 00 08 8b 3b 03 00 00 0f 01 e4 de 19 00 23 ac 3a 2d 2f 00 00 00 a4 de 19 00 64 00 00 00 dd
  00 78 00 28 58 61 04 78 00 00 00 00 00 00 00 08 70 3b 03 08 8b 3b 03 18 58 61 04 00 00 0f 01 2f
packet 21:
  40 00 00 00 86 3b 03 00 00 0f 01 e4 de 19 00 23 ac 3a 2d 2f 00 00 00 a4 de 19 00 64 00 00 00 dd
  00 61 00 28 58 61 04 61 00 00 00 00 00 00 00 08 70 3b 03 00 86 3b 03 18 58 61 04 00 00 0f 01 2f
packet 22:
  40 00 00 90 8c 3b 03 00 00 0f 01 e4 de 19 00 23 ac 3a 2d 2f 00 00 00 a4 de 19 00 64 00 00 00 dd
  00 7f 00 28 58 61 04 7f 00 00 00 00 00 00 00 08 70 3b 03 90 8c 3b 03 18 58 61 04 00 00 0f 01 2f
packet 23:
  40 00 00 90 8c 3b 03 00 00 0f 01 e4 de 19 00 23 ac 3a 2d 2f 00 00 00 a4 de 19 00 64 00 00 00 dd
  00 7f 00 28 58 61 04 7f 00 00 00 00 00 00 00 08 70 3b 03 90 8c 3b 03 18 58 61 04 00 00 0f 01 2f
packet 24:
  40 00 00 10 89 3b 03 00 00 0f 01 e4 de 19 00 23 ac 3a 2d 2f 00 00 00 a4 de 19 00 64 00 00 00 dd
  00 6f 00 28 58 61 04 6f 00 00 00 00 00 00 00 08 70 3b 03 10 89 3b 03 18 58 61 04 00 00 0f 01 2f
packet 25:
  40 00 00 c8 85 3b 03 00 00 0f 01 e4 de 19 00 23 ac 3a 2d 2f 00 00 00 a4 de 19 00 64 00 00 00 dd
  00 60 00 28 58 61 04 60 00 00 00 00 00 00 00 08 70 3b 03 c8 85 3b 03 18 58 61 04 00 00 0f 01 2f
packet 26:
  40 00 00 18 87 3b 03 00 00 0f 01 e4 de 19 00 23 ac 3a 2d 2f 00 00 00 a4 de 19 00 64 00 00 00 dd
  00 66 00 28 58 61 04 66 00 00 00 00 00 00 00 08 70 3b 03 18 87 3b 03 18 58 61 04 00 00 0f 01 2f
packet 27:
  40 00 00 d8 88 3b 03 00 00 0f 01 e4 de 19 00 23 ac 3a 2d 2f 00 00 00 a4 de 19 00 64 00 00 00 dd
  00 6e 00 28 58 61 04 6e 00 00 00 00 00 00 00 08 70 3b 03 d8 88 3b 03 18 58 61 04 00 00 0f 01 2f
packet 28:
  41 00 00 64 00 00 00 ab 05 b9 00 b0 4f 61 04 b9 00 00 00 00 00 00 00 90 70 71 04 70 8e 71 04 a0
  4f 61 04 00 00 0f 01 13 00 00 00 28 ea 19 00 aa ec 18 77 00 00 00 00 7e 4b 04 ca e0 15 59 04 01
packet 29:
  42 00 00 00 00 00 00 00 00 00 00 00 00 00 00 00 00 00 00 00 00 00 00 c0 f2 fc ff ff ff ff ff 00
  00 00 00 ac e9 19 00 0d 80 0c 7a 94 ea 19 00 e0 9b e8 74 24 67 1c 40 fe ff ff ff 14 ea 19 00 4f
packet 30:
  43 00 00 00 00 00 00 00 00 00 00 00 00 00 00 00 00 00 00 00 00 00 00 c0 f2 fc ff ff ff ff ff 00
  00 00 00 ac e9 19 00 0d 80 0c 7a 94 ea 19 00 e0 9b e8 74 24 67 1c 40 fe ff ff ff 14 ea 19 00 4f
packet 31:
  41 01 00 cd 0e e8 74 50 b0 f2 34 34 08 00 00 00 00 00 00 20 d7 18 76 24 00 00 00 01 00 00 00 00
  00 00 00 00 00 00 00 00 00 00 00 00 00 00 00 00 00 00 00 00 00 00 00 00 00 00 00 c0 f2 fc ff ff
packet 32:
  40 00 00 7c 92 1c 77 09 23 1e 77 00 00 00 00 08 ea 19 00 00 00 00 00 00 00 00 00 08 ea 19 00 08
  ea 19 00 00 00 0f 01 2c ea 19 00 b0 0e e8 74 00 00 00 00 cd 0e e8 74 78 b0 f2 34 d0 3d 1a 03 00
