=== RUN 1 ===
packet 0:
  40 00 00 50 dd 63 04 00 00 0f 01 dc fc d1 05 23 8a f2 28 2f 00 00 00 a4 fc d1 05 64 00 00 00 06
  00 00 00 98 32 64 04 00 00 00 00 00 00 00 00 28 dd 63 04 50 dd 63 04 88 32 64 04 00 00 0f 01 2f
packet 1:
  40 00 00 f8 dd 63 04 00 00 0f 01 dc fc d1 05 23 8a f2 28 2f 00 00 00 a4 fc d1 05 64 00 00 00 06
  00 03 00 98 32 64 04 03 00 00 00 00 00 00 00 28 dd 63 04 f8 dd 63 04 88 32 64 04 00 00 0f 01 2f
packet 2:
  40 00 00 f8 dd 63 04 00 00 0f 01 dc fc d1 05 23 8a f2 28 2f 00 00 00 a4 fc d1 05 64 00 00 00 06
  00 03 00 98 32 64 04 03 00 00 00 00 00 00 00 28 dd 63 04 f8 dd 63 04 88 32 64 04 00 00 0f 01 2f
packet 3:
  40 00 00 88 dd 63 04 00 00 0f 01 dc fc d1 05 23 8a f2 28 2f 00 00 00 a4 fc d1 05 64 00 00 00 06
  00 01 00 98 32 64 04 01 00 00 00 00 00 00 00 28 dd 63 04 88 dd 63 04 88 32 64 04 00 00 0f 01 2f
packet 4:
  40 00 00 30 de 63 04 00 00 0f 01 dc fc d1 05 23 8a f2 28 2f 00 00 00 a4 fc d1 05 64 00 00 00 06
  00 04 00 98 32 64 04 04 00 00 00 00 00 00 00 28 dd 63 04 30 de 63 04 88 32 64 04 00 00 0f 01 2f
packet 5:
  40 00 00 f8 dd 63 04 00 00 0f 01 dc fc d1 05 23 8a f2 28 2f 00 00 00 a4 fc d1 05 64 00 00 00 06
  00 03 00 98 32 64 04 03 00 00 00 00 00 00 00 28 dd 63 04 f8 dd 63 04 88 32 64 04 00 00 0f 01 2f
packet 6:
  40 00 00 88 dd 63 04 00 00 0f 01 dc fc d1 05 23 8a f2 28 2f 00 00 00 a4 fc d1 05 64 00 00 00 06
  00 01 00 98 32 64 04 01 00 00 00 00 00 00 00 28 dd 63 04 88 dd 63 04 88 32 64 04 00 00 0f 01 2f
packet 7:
  40 00 00 88 dd 63 04 00 00 0f 01 dc fc d1 05 23 8a f2 28 2f 00 00 00 a4 fc d1 05 64 00 00 00 06
  00 01 00 98 32 64 04 01 00 00 00 00 00 00 00 28 dd 63 04 88 dd 63 04 88 32 64 04 00 00 0f 01 2f
packet 8:
  40 00 00 f8 dd 63 04 00 00 0f 01 dc fc d1 05 23 8a f2 28 2f 00 00 00 a4 fc d1 05 64 00 00 00 06
  00 03 00 98 32 64 04 03 00 00 00 00 00 00 00 28 dd 63 04 f8 dd 63 04 88 32 64 04 00 00 0f 01 2f
packet 9:
  40 00 00 68 de 63 04 00 00 0f 01 dc fc d1 05 23 8a f2 28 2f 00 00 00 a4 fc d1 05 64 00 00 00 06
  00 05 00 98 32 64 04 05 00 00 00 00 00 00 00 28 dd 63 04 68 de 63 04 88 32 64 04 00 00 0f 01 2f

=== RUN 2 ===
packet 0:
  40 00 00 90 1b 59 04 00 00 0f 01 dc fc 4c 01 23 8a 6f 2c 2f 00 00 00 a4 fc 4c 01 64 00 00 00 05
  00 07 00 78 16 59 04 07 00 00 00 00 00 00 00 e0 19 59 04 90 1b 59 04 68 16 59 04 00 00 0f 01 2f
packet 1:
  40 00 00 b0 1a 59 04 00 00 0f 01 dc fc 4c 01 23 8a 6f 2c 2f 00 00 00 a4 fc 4c 01 64 00 00 00 05
  00 03 00 78 16 59 04 03 00 00 00 00 00 00 00 e0 19 59 04 b0 1a 59 04 68 16 59 04 00 00 0f 01 2f
packet 2:
  40 00 00 40 1a 59 04 00 00 0f 01 dc fc 4c 01 23 8a 6f 2c 2f 00 00 00 a4 fc 4c 01 64 00 00 00 05
  00 01 00 78 16 59 04 01 00 00 00 00 00 00 00 e0 19 59 04 40 1a 59 04 68 16 59 04 00 00 0f 01 2f
packet 3:
  40 00 00 20 1b 59 04 00 00 0f 01 dc fc 4c 01 23 8a 6f 2c 2f 00 00 00 a4 fc 4c 01 64 00 00 00 05
  00 05 00 78 16 59 04 05 00 00 00 00 00 00 00 e0 19 59 04 20 1b 59 04 68 16 59 04 00 00 0f 01 2f
packet 4:
  40 00 00 40 1a 59 04 00 00 0f 01 dc fc 4c 01 23 8a 6f 2c 2f 00 00 00 a4 fc 4c 01 64 00 00 00 05
  00 01 00 78 16 59 04 01 00 00 00 00 00 00 00 e0 19 59 04 40 1a 59 04 68 16 59 04 00 00 0f 01 2f
packet 5:
  40 00 00 20 1b 59 04 00 00 0f 01 dc fc 4c 01 23 8a 6f 2c 2f 00 00 00 a4 fc 4c 01 64 00 00 00 05
  00 05 00 78 16 59 04 05 00 00 00 00 00 00 00 e0 19 59 04 20 1b 59 04 68 16 59 04 00 00 0f 01 2f
packet 6:
  40 00 00 20 1b 59 04 00 00 0f 01 dc fc 4c 01 23 8a 6f 2c 2f 00 00 00 a4 fc 4c 01 64 00 00 00 05
  00 05 00 78 16 59 04 05 00 00 00 00 00 00 00 e0 19 59 04 20 1b 59 04 68 16 59 04 00 00 0f 01 2f
packet 7:
  40 00 00 b0 1a 59 04 00 00 0f 01 dc fc 4c 01 23 8a 6f 2c 2f 00 00 00 a4 fc 4c 01 64 00 00 00 05
  00 03 00 78 16 59 04 03 00 00 00 00 00 00 00 e0 19 59 04 b0 1a 59 04 68 16 59 04 00 00 0f 01 2f
packet 8:
  40 00 00 e8 1a 59 04 00 00 0f 01 dc fc 4c 01 23 8a 6f 2c 2f 00 00 00 a4 fc 4c 01 64 00 00 00 05
  00 04 00 78 16 59 04 04 00 00 00 00 00 00 00 e0 19 59 04 e8 1a 59 04 68 16 59 04 00 00 0f 01 2f
packet 9:
  40 00 00 b0 1a 59 04 00 00 0f 01 dc fc 4c 01 23 8a 6f 2c 2f 00 00 00 a4 fc 4c 01 64 00 00 00 05
  00 03 00 78 16 59 04 03 00 00 00 00 00 00 00 e0 19 59 04 b0 1a 59 04 68 16 59 04 00 00 0f 01 2f
