=== RUN 1 ===
packet 0:
  41 00 00 64 00 00 00 95 00 4a 00 40 18 63 04 4a 00 00 00 00 00 00 00 20 1e 08 03 f0 29 08 03 30
  18 63 04 00 00 0f 01 13 00 00 00 38 ea 19 00 aa ec 18 77 00 00 00 00 6e 4b 04 ca 8c 63 18 03 00
packet 1:
  42 00 00 00 00 00 00 00 00 00 00 00 00 00 00 00 00 00 00 00 00 00 00 c0 f2 fc ff ff ff ff ff 00
  00 00 00 bc e9 19 00 09 2e 09 3d a4 ea 19 00 e0 9b e8 74 24 67 1c 40 fe ff ff ff 24 ea 19 00 4f
packet 2:
  43 00 00 00 00 00 00 00 00 00 00 00 00 00 00 00 00 00 00 00 00 00 00 c0 f2 fc ff ff ff ff ff 00
  00 00 00 bc e9 19 00 09 2e 09 3d a4 ea 19 00 e0 9b e8 74 24 67 1c 40 fe ff ff ff 24 ea 19 00 4f
packet 3:
  40 00 00 7c 92 1c 77 09 23 1e 77 00 00 00 00 18 ea 19 00 00 00 00 00 00 00 00 00 18 ea 19 00 18
  ea 19 00 00 00 0f 01 3c ea 19 00 b0 0e e8 74 00 00 00 00 cd 0e e8 74 68 b0 f2 34 00 0f 57 0b 00
packet 4:
  04 46 00 20 e7 72 04 01 00 00 00 00 00 00 00 50 00 57 0b 00 0f 57 0b 10 e7 72 04 00 00 0f 01 14
  ea 19 00 30 ea 19 00 aa ec 18 77 00 00 00 00 66 4b 04 ca 00 0f 57 0b 00 00 00 00 34 08 00 00 08
packet 5:
  a0 00 00 b0 aa 59 0b 00 00 0f 01 ac ea 19 00 73 98 3a 2d 2f 00 00 00 74 ea 19 00 64 00 00 00 04
  00 01 00 18 18 63 04 01 00 00 00 00 00 00 00 50 aa 59 0b b0 aa 59 0b 08 18 63 04 00 00 0f 01 2f
packet 6:
  a0 00 00 20 ab 59 0b 00 00 0f 01 ac ea 19 00 73 98 3a 2d 2f 00 00 00 74 ea 19 00 64 00 00 00 04
  00 03 00 18 18 63 04 03 00 00 00 00 00 00 00 50 aa 59 0b 20 ab 59 0b 08 18 63 04 00 00 0f 01 2f
packet 7:
  a0 00 00 18 ad 59 0b 00 00 0f 01 ac ea 19 00 73 98 3a 2d 2f 00 00 00 74 ea 19 00 64 00 00 00 04
  00 0c 00 18 18 63 04 0c 00 00 00 00 00 00 00 50 aa 59 0b 18 ad 59 0b 08 18 63 04 00 00 0f 01 2f
packet 8:
  a0 00 00 18 ad 59 0b 00 00 0f 01 ac ea 19 00 73 98 3a 2d 2f 00 00 00 74 ea 19 00 64 00 00 00 04
  00 0c 00 18 18 63 04 0c 00 00 00 00 00 00 00 50 aa 59 0b 18 ad 59 0b 08 18 63 04 00 00 0f 01 2f
packet 9:
  a0 00 00 18 ad 59 0b 00 00 0f 01 ac ea 19 00 73 98 3a 2d 2f 00 00 00 74 ea 19 00 64 00 00 00 04
  00 0c 00 18 18 63 04 0c 00 00 00 00 00 00 00 50 aa 59 0b 18 ad 59 0b 08 18 63 04 00 00 0f 01 2f
packet 10:
  a0 00 00 20 ab 59 0b 00 00 0f 01 ac ea 19 00 73 98 3a 2d 2f 00 00 00 74 ea 19 00 64 00 00 00 04
  00 03 00 18 18 63 04 03 00 00 00 00 00 00 00 50 aa 59 0b 20 ab 59 0b 08 18 63 04 00 00 0f 01 2f
packet 11:
  a0 00 00 18 ad 59 0b 00 00 0f 01 ac ea 19 00 73 98 3a 2d 2f 00 00 00 74 ea 19 00 64 00 00 00 04
  00 0c 00 18 18 63 04 0c 00 00 00 00 00 00 00 50 aa 59 0b 18 ad 59 0b 08 18 63 04 00 00 0f 01 2f
packet 12:
  a0 00 00 88 ad 59 0b 00 00 0f 01 ac ea 19 00 73 98 3a 2d 2f 00 00 00 74 ea 19 00 64 00 00 00 04
  00 0e 00 18 18 63 04 0e 00 00 00 00 00 00 00 50 aa 59 0b 88 ad 59 0b 08 18 63 04 00 00 0f 01 2f
packet 13:
  a0 00 00 18 ad 59 0b 00 00 0f 01 ac ea 19 00 73 98 3a 2d 2f 00 00 00 74 ea 19 00 64 00 00 00 04
  00 0c 00 18 18 63 04 0c 00 00 00 00 00 00 00 50 aa 59 0b 18 ad 59 0b 08 18 63 04 00 00 0f 01 2f
packet 14:
  a0 00 00 18 ad 59 0b 00 00 0f 01 ac ea 19 00 73 98 3a 2d 2f 00 00 00 74 ea 19 00 64 00 00 00 04
  00 0c 00 18 18 63 04 0c 00 00 00 00 00 00 00 50 aa 59 0b 18 ad 59 0b 08 18 63 04 00 00 0f 01 2f
packet 15:
  41 00 00 64 00 00 00 95 00 4a 00 40 18 63 04 4a 00 00 00 00 00 00 00 20 1e 08 03 f0 29 08 03 30
  18 63 04 00 00 0f 01 13 00 00 00 38 ea 19 00 aa ec 18 77 00 00 00 00 6e 4b 04 ca 00 00 00 00 01
packet 16:
  42 00 00 00 00 00 00 00 00 00 00 00 00 00 00 00 00 00 00 00 00 00 00 c0 f2 fc ff ff ff ff ff 00
  00 00 00 bc e9 19 00 09 ed 08 09 a4 ea 19 00 e0 9b e8 74 24 67 1c 40 fe ff ff ff 24 ea 19 00 4f
packet 17:
  43 00 00 00 00 00 00 00 00 00 00 00 00 00 00 00 00 00 00 00 00 00 00 c0 f2 fc ff ff ff ff ff 00
  00 00 00 bc e9 19 00 09 ed 08 09 a4 ea 19 00 e0 9b e8 74 24 67 1c 40 fe ff ff ff 24 ea 19 00 4f
packet 18:
  41 01 00 cd 0e e8 74 40 b0 f2 34 34 08 00 00 00 00 00 00 20 d7 18 76 24 00 00 00 01 00 00 00 00
  00 00 00 00 00 00 00 00 00 00 00 00 00 00 00 00 00 00 00 00 00 00 00 00 00 00 00 c0 f2 fc ff ff
packet 19:
  40 00 00 7c 92 1c 77 09 23 1e 77 00 00 00 00 18 ea 19 00 00 00 00 00 00 00 00 00 18 ea 19 00 18
  ea 19 00 00 00 0f 01 3c ea 19 00 b0 0e e8 74 00 00 00 00 cd 0e e8 74 68 b0 f2 34 78 00 57 0b 00
packet 20:
  04 0a 02 30 00 00 00 01 00 00 00 70 eb 19 00 f9 f6 18 77 00 00 00 00 26 4a 04 ca 2f 00 00 00 30
  00 00 00 0f 00 00 00 48 eb 19 00 28 3c f1 00 c8 eb 19 00 70 1b 1d 77 ee 7a 3b bd fe ff ff ff 90
packet 21:
  40 00 00 88 ad 59 0b 00 00 0f 01 04 ec 19 00 03 9b 3a 2d 2f 00 00 00 c4 eb 19 00 64 00 00 00 04
  00 0e 00 18 18 63 04 0e 00 00 00 00 00 00 00 50 aa 59 0b 88 ad 59 0b 08 18 63 04 00 00 0f 01 2f
packet 22:
  04 0a 01 b8 eb 19 00 00 01 00 00 c4 eb 19 00 00 00 00 00 c5 eb 19 00 3e 00 00 00 c4 eb 19 00 42
  00 00 00 00 00 00 00 00 00 00 00 00 00 00 00 00 00 00 00 88 eb 19 00 0c 8c 95 70 32 78 96 70 c4
packet 23:
  40 00 00 f8 ad 59 0b 00 00 0f 01 04 ec 19 00 03 9b 3a 2d 2f 00 00 00 c4 eb 19 00 64 00 00 00 04
  00 10 00 18 18 63 04 10 00 00 00 00 00 00 00 50 aa 59 0b f8 ad 59 0b 08 18 63 04 00 00 0f 01 2f
packet 24:
  04 8a 00 b8 eb 19 00 80 00 00 00 c4 eb 19 00 00 00 00 00 c5 eb 19 00 3e 00 00 00 c4 eb 19 00 42
  00 00 00 00 00 00 00 00 00 00 00 00 00 00 00 00 00 00 00 88 eb 19 00 0c 8c 95 70 32 78 96 70 c4
packet 25:
  40 00 00 f8 ad 59 0b 00 00 0f 01 04 ec 19 00 03 9b 3a 2d 2f 00 00 00 c4 eb 19 00 64 00 00 00 04
  00 10 00 18 18 63 04 10 00 00 00 00 00 00 00 50 aa 59 0b f8 ad 59 0b 08 18 63 04 00 00 0f 01 2f
packet 26:
  04 4a 00 b8 eb 19 00 40 00 00 00 c4 eb 19 00 00 00 00 00 c5 eb 19 00 3e 00 00 00 c4 eb 19 00 42
  00 00 00 00 00 00 00 00 00 00 00 00 00 00 00 00 00 00 00 88 eb 19 00 0c 8c 95 70 32 78 96 70 c4
packet 27:
  40 00 00 18 ad 59 0b 00 00 0f 01 04 ec 19 00 03 9b 3a 2d 2f 00 00 00 c4 eb 19 00 64 00 00 00 04
  00 0c 00 18 18 63 04 0c 00 00 00 00 00 00 00 50 aa 59 0b 18 ad 59 0b 08 18 63 04 00 00 0f 01 2f
packet 28:
  04 6a 00 b8 eb 19 00 20 00 00 00 c4 eb 19 00 00 00 00 00 c5 eb 19 00 3e 00 00 00 c4 eb 19 00 42
  00 00 00 00 00 00 00 00 00 00 00 00 00 00 00 00 00 00 00 88 eb 19 00 0c 8c 95 70 32 78 96 70 c4
packet 29:
  40 00 00 18 ad 59 0b 00 00 0f 01 04 ec 19 00 03 9b 3a 2d 2f 00 00 00 c4 eb 19 00 64 00 00 00 04
  00 0c 00 18 18 63 04 0c 00 00 00 00 00 00 00 50 aa 59 0b 18 ad 59 0b 08 18 63 04 00 00 0f 01 2f
packet 30:
  04 7a 00 b8 eb 19 00 10 00 00 00 c4 eb 19 00 00 00 00 00 c5 eb 19 00 3e 00 00 00 c4 eb 19 00 42
  00 00 00 00 00 00 00 00 00 00 00 00 00 00 00 00 00 00 00 88 eb 19 00 0c 8c 95 70 32 78 96 70 c4
packet 31:
  40 00 00 b0 aa 59 0b 00 00 0f 01 04 ec 19 00 03 9b 3a 2d 2f 00 00 00 c4 eb 19 00 64 00 00 00 04
  00 01 00 18 18 63 04 01 00 00 00 00 00 00 00 50 aa 59 0b b0 aa 59 0b 08 18 63 04 00 00 0f 01 2f
packet 32:
  40 00 00 88 ad 59 0b 00 00 0f 01 3c ec 19 00 c3 9a 3a 2d 2f 00 00 00 04 ec 19 00 64 00 00 00 04
  00 0e 00 18 18 63 04 0e 00 00 00 00 00 00 00 50 aa 59 0b 88 ad 59 0b 08 18 63 04 00 00 0f 01 2f
packet 33:
  40 00 00 20 ab 59 0b 00 00 0f 01 3c ec 19 00 c3 9a 3a 2d 2f 00 00 00 04 ec 19 00 64 00 00 00 04
  00 03 00 18 18 63 04 03 00 00 00 00 00 00 00 50 aa 59 0b 20 ab 59 0b 08 18 63 04 00 00 0f 01 2f
packet 34:
  40 00 00 20 ab 59 0b 00 00 0f 01 3c ec 19 00 c3 9a 3a 2d 2f 00 00 00 04 ec 19 00 64 00 00 00 04
  00 03 00 18 18 63 04 03 00 00 00 00 00 00 00 50 aa 59 0b 20 ab 59 0b 08 18 63 04 00 00 0f 01 2f
packet 35:
  40 00 00 18 ad 59 0b 00 00 0f 01 3c ec 19 00 c3 9a 3a 2d 2f 00 00 00 04 ec 19 00 64 00 00 00 04
  00 0c 00 18 18 63 04 0c 00 00 00 00 00 00 00 50 aa 59 0b 18 ad 59 0b 08 18 63 04 00 00 0f 01 2f
packet 36:
  40 00 00 18 ad 59 0b 00 00 0f 01 3c ec 19 00 c3 9a 3a 2d 2f 00 00 00 04 ec 19 00 64 00 00 00 04
  00 0c 00 18 18 63 04 0c 00 00 00 00 00 00 00 50 aa 59 0b 18 ad 59 0b 08 18 63 04 00 00 0f 01 2f
packet 37:
  40 00 00 20 ab 59 0b 00 00 0f 01 3c ec 19 00 c3 9a 3a 2d 2f 00 00 00 04 ec 19 00 64 00 00 00 04
  00 03 00 18 18 63 04 03 00 00 00 00 00 00 00 50 aa 59 0b 20 ab 59 0b 08 18 63 04 00 00 0f 01 2f
packet 38:
  40 00 00 18 ad 59 0b 00 00 0f 01 3c ec 19 00 c3 9a 3a 2d 2f 00 00 00 04 ec 19 00 64 00 00 00 04
  00 0c 00 18 18 63 04 0c 00 00 00 00 00 00 00 50 aa 59 0b 18 ad 59 0b 08 18 63 04 00 00 0f 01 2f
packet 39:
  40 00 00 b0 aa 59 0b 00 00 0f 01 3c ec 19 00 c3 9a 3a 2d 2f 00 00 00 04 ec 19 00 64 00 00 00 04
  00 01 00 18 18 63 04 01 00 00 00 00 00 00 00 50 aa 59 0b b0 aa 59 0b 08 18 63 04 00 00 0f 01 2f
packet 40:
  40 00 00 20 ab 59 0b 00 00 0f 01 3c ec 19 00 c3 9a 3a 2d 2f 00 00 00 04 ec 19 00 64 00 00 00 04
  00 03 00 18 18 63 04 03 00 00 00 00 00 00 00 50 aa 59 0b 20 ab 59 0b 08 18 63 04 00 00 0f 01 2f
packet 41:
  40 00 00 18 ad 59 0b 00 00 0f 01 3c ec 19 00 c3 9a 3a 2d 2f 00 00 00 04 ec 19 00 64 00 00 00 04
  00 0c 00 18 18 63 04 0c 00 00 00 00 00 00 00 50 aa 59 0b 18 ad 59 0b 08 18 63 04 00 00 0f 01 2f
