=== RUN 1 ===
packet 0:
  41 00 00 64 00 00 00 3b 06 ff 00 e0 57 72 04 ff 00 00 00 00 00 00 00 f8 ca c3 06 c8 f3 c3 06 d0
  57 72 04 00 00 00 01 13 00 00 00 38 ea 19 00 aa ec d9 77 00 00 00 00 80 5c 7f 59 94 53 e5 06 00
packet 1:
  40 00 00 7c 92 dd 77 09 23 df 77 00 00 00 00 18 ea 19 00 00 00 00 00 00 00 00 00 18 ea 19 00 18
  ea 19 00 00 00 00 01 3c ea 19 00 b0 0e 43 77 00 00 00 00 cd 0e 43 77 6b b8 95 1b 18 9e bf 06 00
packet 2:
  04 1e 00 0b b9 0b 5a 0a d3 0c 27 0b f2 0b 0e 0b 50 0c f4 18 9e bf 06 c6 32 5a 8b 00 00 00 01 14
  ea 19 00 30 ea 19 00 aa ec d9 77 00 00 00 00 88 5c 7f 59 18 9e bf 06 00 00 00 00 ec 07 00 00 08
packet 3:
  a0 00 00 80 3c ec 06 00 00 00 01 ac ea 19 00 ae 32 5a 8b 2f 00 00 00 74 ea 19 00 64 00 00 00 a7
  00 11 01 70 59 72 04 11 01 00 00 00 00 00 00 08 00 ec 06 80 3c ec 06 60 59 72 04 00 00 00 01 2f
packet 4:
  a0 00 00 38 39 ec 06 00 00 00 01 ac ea 19 00 ae 32 5a 8b 2f 00 00 00 74 ea 19 00 64 00 00 00 a7
  00 02 01 70 59 72 04 02 01 00 00 00 00 00 00 08 00 ec 06 38 39 ec 06 60 59 72 04 00 00 00 01 2f
packet 5:
  a0 00 00 50 3a ec 06 00 00 00 01 ac ea 19 00 ae 32 5a 8b 2f 00 00 00 74 ea 19 00 64 00 00 00 a7
  00 07 01 70 59 72 04 07 01 00 00 00 00 00 00 08 00 ec 06 50 3a ec 06 60 59 72 04 00 00 00 01 2f
packet 6:
  a0 00 00 d0 3d ec 06 00 00 00 01 ac ea 19 00 ae 32 5a 8b 2f 00 00 00 74 ea 19 00 64 00 00 00 a7
  00 17 01 70 59 72 04 17 01 00 00 00 00 00 00 08 00 ec 06 d0 3d ec 06 60 59 72 04 00 00 00 01 2f
packet 7:
  a0 00 00 d0 3d ec 06 00 00 00 01 ac ea 19 00 ae 32 5a 8b 2f 00 00 00 74 ea 19 00 64 00 00 00 a7
  00 17 01 70 59 72 04 17 01 00 00 00 00 00 00 08 00 ec 06 d0 3d ec 06 60 59 72 04 00 00 00 01 2f
packet 8:
  a0 00 00 48 3c ec 06 00 00 00 01 ac ea 19 00 ae 32 5a 8b 2f 00 00 00 74 ea 19 00 64 00 00 00 a7
  00 10 01 70 59 72 04 10 01 00 00 00 00 00 00 08 00 ec 06 48 3c ec 06 60 59 72 04 00 00 00 01 2f
packet 9:
  a0 00 00 40 3e ec 06 00 00 00 01 ac ea 19 00 ae 32 5a 8b 2f 00 00 00 74 ea 19 00 64 00 00 00 a7
  00 19 01 70 59 72 04 19 01 00 00 00 00 00 00 08 00 ec 06 40 3e ec 06 60 59 72 04 00 00 00 01 2f
packet 10:
  a0 00 00 08 3e ec 06 00 00 00 01 ac ea 19 00 ae 32 5a 8b 2f 00 00 00 74 ea 19 00 64 00 00 00 a7
  00 18 01 70 59 72 04 18 01 00 00 00 00 00 00 08 00 ec 06 08 3e ec 06 60 59 72 04 00 00 00 01 2f
packet 11:
  a0 00 00 d0 3d ec 06 00 00 00 01 ac ea 19 00 ae 32 5a 8b 2f 00 00 00 74 ea 19 00 64 00 00 00 a7
  00 17 01 70 59 72 04 17 01 00 00 00 00 00 00 08 00 ec 06 d0 3d ec 06 60 59 72 04 00 00 00 01 2f
packet 12:
  a0 00 00 50 3a ec 06 00 00 00 01 ac ea 19 00 ae 32 5a 8b 2f 00 00 00 74 ea 19 00 64 00 00 00 a7
  00 07 01 70 59 72 04 07 01 00 00 00 00 00 00 08 00 ec 06 50 3a ec 06 60 59 72 04 00 00 00 01 2f
packet 13:
  a0 00 00 50 3a ec 06 00 00 00 01 ac ea 19 00 ae 32 5a 8b 2f 00 00 00 74 ea 19 00 64 00 00 00 a7
  00 07 01 70 59 72 04 07 01 00 00 00 00 00 00 08 00 ec 06 50 3a ec 06 60 59 72 04 00 00 00 01 2f
packet 14:
  a0 00 00 b0 3e ec 06 00 00 00 01 ac ea 19 00 ae 32 5a 8b 2f 00 00 00 74 ea 19 00 64 00 00 00 a7
  00 1b 01 70 59 72 04 1b 01 00 00 00 00 00 00 08 00 ec 06 b0 3e ec 06 60 59 72 04 00 00 00 01 2f
packet 15:
  a0 00 00 48 3c ec 06 00 00 00 01 ac ea 19 00 ae 32 5a 8b 2f 00 00 00 74 ea 19 00 64 00 00 00 a7
  00 10 01 70 59 72 04 10 01 00 00 00 00 00 00 08 00 ec 06 48 3c ec 06 60 59 72 04 00 00 00 01 2f
packet 16:
  a0 00 00 d0 3d ec 06 00 00 00 01 ac ea 19 00 ae 32 5a 8b 2f 00 00 00 74 ea 19 00 64 00 00 00 a7
  00 17 01 70 59 72 04 17 01 00 00 00 00 00 00 08 00 ec 06 d0 3d ec 06 60 59 72 04 00 00 00 01 2f
packet 17:
  a0 00 00 40 3e ec 06 00 00 00 01 ac ea 19 00 ae 32 5a 8b 2f 00 00 00 74 ea 19 00 64 00 00 00 a7
  00 19 01 70 59 72 04 19 01 00 00 00 00 00 00 08 00 ec 06 40 3e ec 06 60 59 72 04 00 00 00 01 2f
packet 18:
  41 00 00 64 00 00 00 3b 06 f2 00 e0 57 72 04 f2 00 00 00 00 00 00 00 f8 ca c3 06 c0 f1 c3 06 d0
  57 72 04 00 00 00 01 13 00 00 00 38 ea 19 00 aa ec d9 77 00 00 00 00 80 5c 7f 59 00 00 00 00 01
packet 19:
  41 01 00 cd 0e 43 77 43 b8 95 1b ec 07 00 00 00 00 00 00 20 d7 d7 76 24 00 00 00 01 00 00 00 00
  00 00 00 00 00 00 00 00 00 00 00 00 00 00 00 00 00 00 00 00 00 00 00 00 00 00 00 c0 f2 fc ff ff
packet 20:
  40 00 00 7c 92 dd 77 09 23 df 77 00 00 00 00 18 ea 19 00 00 00 00 00 00 00 00 00 18 ea 19 00 18
  ea 19 00 00 00 00 01 3c ea 19 00 b0 0e 43 77 00 00 00 00 cd 0e 43 77 6b b8 95 1b 18 9e bf 06 00
packet 21:
  04 0a 02 30 00 00 00 aa 40 00 00 70 eb 19 00 f9 f6 d9 77 00 00 00 00 c8 5d 7f 59 2f 00 00 00 30
  00 00 00 0f 00 00 00 48 eb 19 00 a0 eb 19 00 c8 eb 19 00 70 1b de 77 00 6d 81 2e fe ff ff ff 90
packet 22:
  40 00 00 c0 48 ec 06 00 00 00 01 04 ec 19 00 de 31 5a 8b 2f 00 00 00 c4 eb 19 00 64 00 00 00 a2
  00 49 01 70 59 72 04 49 01 00 00 00 00 00 00 08 00 ec 06 c0 48 ec 06 60 59 72 04 00 00 00 01 2f
packet 23:
  04 0a 01 b8 eb 19 00 00 01 00 00 c4 eb 19 00 00 00 00 00 c5 eb 19 00 3e 00 00 00 c4 eb 19 00 42
  00 00 00 00 00 00 00 00 00 00 00 00 00 00 00 00 00 00 00 88 eb 19 00 0c 8c 70 71 32 78 71 71 c4
packet 24:
  40 00 00 b8 4a ec 06 00 00 00 01 04 ec 19 00 de 31 5a 8b 2f 00 00 00 c4 eb 19 00 64 00 00 00 a2
  00 52 01 70 59 72 04 52 01 00 00 00 00 00 00 08 00 ec 06 b8 4a ec 06 60 59 72 04 00 00 00 01 2f
packet 25:
  04 8a 00 b8 eb 19 00 80 00 00 00 c4 eb 19 00 00 00 00 00 c5 eb 19 00 3e 00 00 00 c4 eb 19 00 42
  00 00 00 00 00 00 00 00 00 00 00 00 00 00 00 00 00 00 00 88 eb 19 00 0c 8c 70 71 32 78 71 71 c4
packet 26:
  40 00 00 78 4c ec 06 00 00 00 01 04 ec 19 00 de 31 5a 8b 2f 00 00 00 c4 eb 19 00 64 00 00 00 a2
  00 5a 01 70 59 72 04 5a 01 00 00 00 00 00 00 08 00 ec 06 78 4c ec 06 60 59 72 04 00 00 00 01 2f
packet 27:
  04 4a 00 b8 eb 19 00 40 00 00 00 c4 eb 19 00 00 00 00 00 c5 eb 19 00 3e 00 00 00 c4 eb 19 00 42
  00 00 00 00 00 00 00 00 00 00 00 00 00 00 00 00 00 00 00 88 eb 19 00 0c 8c 70 71 32 78 71 71 c4
packet 28:
  40 00 00 20 4d ec 06 00 00 00 01 04 ec 19 00 de 31 5a 8b 2f 00 00 00 c4 eb 19 00 64 00 00 00 a2
  00 5d 01 70 59 72 04 5d 01 00 00 00 00 00 00 08 00 ec 06 20 4d ec 06 60 59 72 04 00 00 00 01 2f
packet 29:
  04 2a 00 b8 eb 19 00 20 00 00 00 c4 eb 19 00 00 00 00 00 c5 eb 19 00 3e 00 00 00 c4 eb 19 00 42
  00 00 00 00 00 00 00 00 00 00 00 00 00 00 00 00 00 00 00 88 eb 19 00 0c 8c 70 71 32 78 71 71 c4
packet 30:
  40 00 00 a8 47 ec 06 00 00 00 01 04 ec 19 00 de 31 5a 8b 2f 00 00 00 c4 eb 19 00 64 00 00 00 a2
  00 44 01 70 59 72 04 44 01 00 00 00 00 00 00 08 00 ec 06 a8 47 ec 06 60 59 72 04 00 00 00 01 2f
packet 31:
  04 1a 00 b8 eb 19 00 10 00 00 00 c4 eb 19 00 00 00 00 00 c5 eb 19 00 3e 00 00 00 c4 eb 19 00 42
  00 00 00 00 00 00 00 00 00 00 00 00 00 00 00 00 00 00 00 88 eb 19 00 0c 8c 70 71 32 78 71 71 c4
packet 32:
  40 00 00 f8 48 ec 06 00 00 00 01 04 ec 19 00 de 31 5a 8b 2f 00 00 00 c4 eb 19 00 64 00 00 00 a2
  00 4a 01 70 59 72 04 4a 01 00 00 00 00 00 00 08 00 ec 06 f8 48 ec 06 60 59 72 04 00 00 00 01 2f
packet 33:
  04 12 00 b8 eb 19 00 08 00 00 00 c4 eb 19 00 00 00 00 00 c5 eb 19 00 3e 00 00 00 c4 eb 19 00 42
  00 00 00 00 00 00 00 00 00 00 00 00 00 00 00 00 00 00 00 88 eb 19 00 0c 8c 70 71 32 78 71 71 c4
packet 34:
  40 00 00 70 47 ec 06 00 00 00 01 04 ec 19 00 de 31 5a 8b 2f 00 00 00 c4 eb 19 00 64 00 00 00 a2
  00 43 01 70 59 72 04 43 01 00 00 00 00 00 00 08 00 ec 06 70 47 ec 06 60 59 72 04 00 00 00 01 2f
packet 35:
  04 16 00 b8 eb 19 00 04 00 00 00 c4 eb 19 00 00 00 00 00 c5 eb 19 00 3e 00 00 00 c4 eb 19 00 42
  00 00 00 00 00 00 00 00 00 00 00 00 00 00 00 00 00 00 00 88 eb 19 00 0c 8c 70 71 32 78 71 71 c4
packet 36:
  40 00 00 d8 49 ec 06 00 00 00 01 04 ec 19 00 de 31 5a 8b 2f 00 00 00 c4 eb 19 00 64 00 00 00 a2
  00 4e 01 70 59 72 04 4e 01 00 00 00 00 00 00 08 00 ec 06 d8 49 ec 06 60 59 72 04 00 00 00 01 2f
packet 37:
  04 18 00 b8 eb 19 00 02 00 00 00 c4 eb 19 00 00 00 00 00 c5 eb 19 00 3e 00 00 00 c4 eb 19 00 42
  00 00 00 00 00 00 00 00 00 00 00 00 00 00 00 00 00 00 00 88 eb 19 00 0c 8c 70 71 32 78 71 71 c4
packet 38:
  40 00 00 90 4d ec 06 00 00 00 01 04 ec 19 00 de 31 5a 8b 2f 00 00 00 c4 eb 19 00 64 00 00 00 a2
  00 5f 01 70 59 72 04 5f 01 00 00 00 00 00 00 08 00 ec 06 90 4d ec 06 60 59 72 04 00 00 00 01 2f
packet 39:
  40 00 00 00 47 ec 06 00 00 00 01 3c ec 19 00 1e 30 5a 8b 2f 00 00 00 04 ec 19 00 64 00 00 00 a2
  00 41 01 70 59 72 04 41 01 00 00 00 00 00 00 08 00 ec 06 00 47 ec 06 60 59 72 04 00 00 00 01 2f
packet 40:
  40 00 00 68 49 ec 06 00 00 00 01 3c ec 19 00 1e 30 5a 8b 2f 00 00 00 04 ec 19 00 64 00 00 00 a2
  00 4c 01 70 59 72 04 4c 01 00 00 00 00 00 00 08 00 ec 06 68 49 ec 06 60 59 72 04 00 00 00 01 2f
packet 41:
  40 00 00 10 4a ec 06 00 00 00 01 3c ec 19 00 1e 30 5a 8b 2f 00 00 00 04 ec 19 00 64 00 00 00 a2
  00 4f 01 70 59 72 04 4f 01 00 00 00 00 00 00 08 00 ec 06 10 4a ec 06 60 59 72 04 00 00 00 01 2f
packet 42:
  40 00 00 18 48 ec 06 00 00 00 01 3c ec 19 00 1e 30 5a 8b 2f 00 00 00 04 ec 19 00 64 00 00 00 a2
  00 46 01 70 59 72 04 46 01 00 00 00 00 00 00 08 00 ec 06 18 48 ec 06 60 59 72 04 00 00 00 01 2f
packet 43:
  40 00 00 68 49 ec 06 00 00 00 01 3c ec 19 00 1e 30 5a 8b 2f 00 00 00 04 ec 19 00 64 00 00 00 a2
  00 4c 01 70 59 72 04 4c 01 00 00 00 00 00 00 08 00 ec 06 68 49 ec 06 60 59 72 04 00 00 00 01 2f
packet 44:
  40 00 00 a8 47 ec 06 00 00 00 01 3c ec 19 00 1e 30 5a 8b 2f 00 00 00 04 ec 19 00 64 00 00 00 a2
  00 44 01 70 59 72 04 44 01 00 00 00 00 00 00 08 00 ec 06 a8 47 ec 06 60 59 72 04 00 00 00 01 2f
packet 45:
  40 00 00 98 4b ec 06 00 00 00 01 3c ec 19 00 1e 30 5a 8b 2f 00 00 00 04 ec 19 00 64 00 00 00 a2
  00 56 01 70 59 72 04 56 01 00 00 00 00 00 00 08 00 ec 06 98 4b ec 06 60 59 72 04 00 00 00 01 2f
packet 46:
  40 00 00 70 47 ec 06 00 00 00 01 3c ec 19 00 1e 30 5a 8b 2f 00 00 00 04 ec 19 00 64 00 00 00 a2
  00 43 01 70 59 72 04 43 01 00 00 00 00 00 00 08 00 ec 06 70 47 ec 06 60 59 72 04 00 00 00 01 2f
packet 47:
  40 00 00 30 49 ec 06 00 00 00 01 3c ec 19 00 1e 30 5a 8b 2f 00 00 00 04 ec 19 00 64 00 00 00 a2
  00 4b 01 70 59 72 04 4b 01 00 00 00 00 00 00 08 00 ec 06 30 49 ec 06 60 59 72 04 00 00 00 01 2f
packet 48:
  40 00 00 b0 4c ec 06 00 00 00 01 3c ec 19 00 1e 30 5a 8b 2f 00 00 00 04 ec 19 00 64 00 00 00 a2
  00 5b 01 70 59 72 04 5b 01 00 00 00 00 00 00 08 00 ec 06 b0 4c ec 06 60 59 72 04 00 00 00 01 2f
