=== RUN 1 ===
packet 0:
  41 00 00 64 00 00 00 31 06 f7 00 e0 57 72 04 f7 00 00 00 00 00 00 00 f8 ca c3 06 88 f2 c3 06 d0
  57 72 04 00 00 00 01 13 00 00 00 e8 e8 19 00 aa ec d9 77 00 00 00 00 50 5e 7f 59 b8 9e 6d 04 00
packet 1:
  40 00 00 7c 92 dd 77 09 23 df 77 00 00 00 00 c8 e8 19 00 00 00 00 00 00 00 00 00 c8 e8 19 00 c8
  e8 19 00 00 00 00 01 ec e8 19 00 b0 0e 43 77 00 00 00 00 cd 0e 43 77 bb ba 95 1b b0 96 c7 06 00
packet 2:
  04 1e 00 00 00 00 00 20 00 00 00 02 00 00 00 00 00 00 00 20 00 00 00 00 00 00 00 80 e8 19 00 f9
  f6 d9 77 00 00 00 00 38 5e 7f 59 1f 00 00 00 20 00 00 00 0f 00 00 00 58 e8 19 00 00 00 00 01 d8
