=== RUN 1 ===
packet 0:
  00 00 00 fc 00 00 00 07 00 00 00 26 00 5a 8b 78 db 19 00 60 b0 7a 71 00 00 00 00 a0 b2 7a 71 00
  00 00 00 ec da 19 00 70 e2 19 00 80 46 73 71 00 00 00 00 2c db 19 00 ae 35 5d 71 07 00 00 00 04
packet 1:
  00 00 00 a8 da 19 00 f9 f6 d9 77 00 00 00 00 10 6c 7f 59 1f 00 00 00 20 00 00 00 0f 00 00 00 80
  da 19 00 c7 4d 41 77 00 db 19 00 70 1b de 77 9e 20 df 77 c0 26 f0 06 00 00 00 01 00 00 00 00 00
packet 2:
  01 00 00 85 10 5e 71 00 00 00 00 00 00 00 00 41 00 00 00 00 00 00 00 00 00 00 00 f4 07 00 00 41
  00 00 00 41 00 00 00 00 00 00 00 a8 da 19 00 f9 f6 d9 77 00 00 00 00 10 6c 7f 59 1f 00 00 00 20
packet 3:
  02 00 00 f8 46 00 01 b7 0b df 77 00 00 00 00 00 00 00 01 58 52 bd 06 c1 01 00 00 08 0e 00 00 00
  00 00 00 02 00 00 00 03 00 00 00 00 00 00 00 00 0e 00 00 00 00 2d 1c 54 d9 19 00 f9 f6 d9 77 00
packet 4:
  ab 00 00 d0 da 19 00 d8 b0 7a 71 c0 da 19 00 60 b0 7a 71 ec 07 00 00 b8 fb 6f 71 30 11 6e 04 2c
  00 00 00 d0 af 6d 04 10 96 05 01 40 8a 05 01 01 e2 19 00 00 00 00 00 04 00 00 00 fe ff ff ff f4
packet 5:
  04 1e 00 00 00 00 00 20 00 00 00 02 00 00 00 00 00 00 00 20 00 00 00 64 00 00 00 d0 df 19 00 f9
  f6 d9 77 00 00 00 00 68 69 7f 59 1f 00 00 00 20 00 00 00 0f 00 00 00 a8 df 19 00 00 00 00 01 28
packet 6:
  04 32 00 00 00 00 00 08 25 f0 06 2c df 19 00 c4 5f 5d 71 08 25 f0 06 1e 04 5a 8b 78 b2 7a 71 f7
  08 00 00 4d 60 5d 71 00 00 00 00 75 04 00 00 04 00 80 02 10 5a 72 04 80 02 00 00 00 00 00 00 08
packet 7:
  40 00 00 e8 30 ec 06 00 00 00 01 74 df 19 00 6e 05 5a 8b 2f 00 00 00 34 df 19 00 64 00 00 00 df
  00 dc 00 70 59 72 04 dc 00 00 00 00 00 00 00 08 00 ec 06 e8 30 ec 06 60 59 72 04 00 00 00 01 2f
packet 8:
  40 00 00 e8 30 ec 06 00 00 00 01 e4 de 19 00 fe 06 5a 8b 2f 00 00 00 a4 de 19 00 64 00 00 00 df
  00 dc 00 70 59 72 04 dc 00 00 00 00 00 00 00 08 00 ec 06 e8 30 ec 06 60 59 72 04 00 00 00 01 2f
packet 9:
  40 00 00 e8 30 ec 06 00 00 00 01 e4 de 19 00 fe 06 5a 8b 2f 00 00 00 a4 de 19 00 64 00 00 00 df
  00 dc 00 70 59 72 04 dc 00 00 00 00 00 00 00 08 00 ec 06 e8 30 ec 06 60 59 72 04 00 00 00 01 2f
packet 10:
  40 00 00 e8 30 ec 06 00 00 00 01 e4 de 19 00 fe 06 5a 8b 2f 00 00 00 a4 de 19 00 64 00 00 00 df
  00 dc 00 70 59 72 04 dc 00 00 00 00 00 00 00 08 00 ec 06 e8 30 ec 06 60 59 72 04 00 00 00 01 2f
packet 11:
  40 00 00 e8 30 ec 06 00 00 00 01 e4 de 19 00 fe 06 5a 8b 2f 00 00 00 a4 de 19 00 64 00 00 00 df
  00 dc 00 70 59 72 04 dc 00 00 00 00 00 00 00 08 00 ec 06 e8 30 ec 06 60 59 72 04 00 00 00 01 2f
packet 12:
  40 00 00 e8 30 ec 06 00 00 00 01 e4 de 19 00 fe 06 5a 8b 2f 00 00 00 a4 de 19 00 64 00 00 00 df
  00 dc 00 70 59 72 04 dc 00 00 00 00 00 00 00 08 00 ec 06 e8 30 ec 06 60 59 72 04 00 00 00 01 2f
packet 13:
  40 00 00 e8 30 ec 06 00 00 00 01 e4 de 19 00 fe 06 5a 8b 2f 00 00 00 a4 de 19 00 64 00 00 00 df
  00 dc 00 70 59 72 04 dc 00 00 00 00 00 00 00 08 00 ec 06 e8 30 ec 06 60 59 72 04 00 00 00 01 2f
packet 14:
  40 00 00 e8 30 ec 06 00 00 00 01 e4 de 19 00 fe 06 5a 8b 2f 00 00 00 a4 de 19 00 64 00 00 00 df
  00 dc 00 70 59 72 04 dc 00 00 00 00 00 00 00 08 00 ec 06 e8 30 ec 06 60 59 72 04 00 00 00 01 2f
packet 15:
  40 00 00 e8 30 ec 06 00 00 00 01 e4 de 19 00 fe 06 5a 8b 2f 00 00 00 a4 de 19 00 64 00 00 00 df
  00 dc 00 70 59 72 04 dc 00 00 00 00 00 00 00 08 00 ec 06 e8 30 ec 06 60 59 72 04 00 00 00 01 2f
packet 16:
  40 00 00 e8 30 ec 06 00 00 00 01 e4 de 19 00 fe 06 5a 8b 2f 00 00 00 a4 de 19 00 64 00 00 00 df
  00 dc 00 70 59 72 04 dc 00 00 00 00 00 00 00 08 00 ec 06 e8 30 ec 06 60 59 72 04 00 00 00 01 2f
packet 17:
  40 00 00 e8 30 ec 06 00 00 00 01 e4 de 19 00 fe 06 5a 8b 2f 00 00 00 a4 de 19 00 64 00 00 00 df
  00 dc 00 70 59 72 04 dc 00 00 00 00 00 00 00 08 00 ec 06 e8 30 ec 06 60 59 72 04 00 00 00 01 2f
packet 18:
  04 0f 00 00 00 00 00 a0 28 f0 06 9c de 19 00 c4 5f 5d 71 a0 28 f0 06 ae 05 5a 8b 78 b2 7a 71 f7
  08 00 00 4d 60 5d 71 00 00 00 00 75 04 00 00 04 00 97 02 10 5a 72 04 97 02 00 00 00 00 00 00 08
packet 19:
  40 00 00 a0 34 ec 06 00 00 00 01 e4 de 19 00 fe 06 5a 8b 2f 00 00 00 a4 de 19 00 64 00 00 00 dd
  00 ed 00 70 59 72 04 ed 00 00 00 00 00 00 00 08 00 ec 06 a0 34 ec 06 60 59 72 04 00 00 00 01 2f
packet 20:
  40 00 00 f0 35 ec 06 00 00 00 01 e4 de 19 00 fe 06 5a 8b 2f 00 00 00 a4 de 19 00 64 00 00 00 dd
  00 f3 00 70 59 72 04 f3 00 00 00 00 00 00 00 08 00 ec 06 f0 35 ec 06 60 59 72 04 00 00 00 01 2f
packet 21:
  40 00 00 b8 35 ec 06 00 00 00 01 e4 de 19 00 fe 06 5a 8b 2f 00 00 00 a4 de 19 00 64 00 00 00 dd
  00 f2 00 70 59 72 04 f2 00 00 00 00 00 00 00 08 00 ec 06 b8 35 ec 06 60 59 72 04 00 00 00 01 2f
packet 22:
  40 00 00 38 32 ec 06 00 00 00 01 e4 de 19 00 fe 06 5a 8b 2f 00 00 00 a4 de 19 00 64 00 00 00 dd
  00 e2 00 70 59 72 04 e2 00 00 00 00 00 00 00 08 00 ec 06 38 32 ec 06 60 59 72 04 00 00 00 01 2f
packet 23:
  40 00 00 38 32 ec 06 00 00 00 01 e4 de 19 00 fe 06 5a 8b 2f 00 00 00 a4 de 19 00 64 00 00 00 dd
  00 e2 00 70 59 72 04 e2 00 00 00 00 00 00 00 08 00 ec 06 38 32 ec 06 60 59 72 04 00 00 00 01 2f
packet 24:
  40 00 00 38 32 ec 06 00 00 00 01 e4 de 19 00 fe 06 5a 8b 2f 00 00 00 a4 de 19 00 64 00 00 00 dd
  00 e2 00 70 59 72 04 e2 00 00 00 00 00 00 00 08 00 ec 06 38 32 ec 06 60 59 72 04 00 00 00 01 2f
packet 25:
  40 00 00 e0 32 ec 06 00 00 00 01 e4 de 19 00 fe 06 5a 8b 2f 00 00 00 a4 de 19 00 64 00 00 00 dd
  00 e5 00 70 59 72 04 e5 00 00 00 00 00 00 00 08 00 ec 06 e0 32 ec 06 60 59 72 04 00 00 00 01 2f
packet 26:
  40 00 00 60 36 ec 06 00 00 00 01 e4 de 19 00 fe 06 5a 8b 2f 00 00 00 a4 de 19 00 64 00 00 00 dd
  00 f5 00 70 59 72 04 f5 00 00 00 00 00 00 00 08 00 ec 06 60 36 ec 06 60 59 72 04 00 00 00 01 2f
packet 27:
  40 00 00 18 33 ec 06 00 00 00 01 e4 de 19 00 fe 06 5a 8b 2f 00 00 00 a4 de 19 00 64 00 00 00 dd
  00 e6 00 70 59 72 04 e6 00 00 00 00 00 00 00 08 00 ec 06 18 33 ec 06 60 59 72 04 00 00 00 01 2f
packet 28:
  40 00 00 10 35 ec 06 00 00 00 01 e4 de 19 00 fe 06 5a 8b 2f 00 00 00 a4 de 19 00 64 00 00 00 dd
  00 ef 00 70 59 72 04 ef 00 00 00 00 00 00 00 08 00 ec 06 10 35 ec 06 60 59 72 04 00 00 00 01 2f
packet 29:
  41 00 00 64 00 00 00 2a 06 17 01 e0 57 72 04 17 01 00 00 00 00 00 00 f8 ca c3 06 88 f7 c3 06 d0
  57 72 04 00 00 00 01 13 00 00 00 28 ea 19 00 aa ec d9 77 00 00 00 00 90 5c 7f 59 b8 9e 6d 04 01
packet 30:
  41 01 00 cd 0e 43 77 53 b8 95 1b ec 07 00 00 00 00 00 00 20 d7 d7 76 24 00 00 00 01 00 00 00 00
  00 00 00 00 00 00 00 00 00 00 00 00 00 00 00 00 00 00 00 00 00 00 00 00 00 00 00 c0 f2 fc ff ff
packet 31:
  40 00 00 7c 92 dd 77 09 23 df 77 00 00 00 00 08 ea 19 00 00 00 00 00 00 00 00 00 08 ea 19 00 08
  ea 19 00 00 00 00 01 2c ea 19 00 b0 0e 43 77 00 00 00 00 cd 0e 43 77 7b b8 95 1b 90 16 c7 06 00
