00 OUT  00 00 00 fc 00 00 00 07 00 00 00 d1 81 31 2f 78 db 19 00 60 b0 08 71 00 00 00 00 a0 b2 08 71 00 00 00 00 ec da 19 00 70 e2 19 00 80 46 01 71 00 00 00 00 2c db 19 00 ae 35 eb 70 07 00 00 00 04
01 OUT  00 00 00 a8 da 19 00 f9 f6 49 77 00 00 00 00 0c 98 ea 9b 1f 00 00 00 20 00 00 00 0f 00 00 00 80 da 19 00 c7 4d b1 76 00 db 19 00 70 1b 4e 77 9e 20 4f 77 40 8b 27 07 00 00 fb 00 00 00 00 00 00
02 OUT  01 00 00 85 10 ec 70 00 00 00 00 00 00 00 00 41 00 00 00 00 00 00 00 00 00 00 00 38 08 00 00 41 00 00 00 41 00 00 00 00 00 00 00 a8 da 19 00 f9 f6 49 77 00 00 00 00 0c 98 ea 9b 1f 00 00 00 20
03 OUT  02 00 00 f8 47 fb 00 b7 0b 4f 77 00 00 00 00 00 00 fb 00 50 36 fe 06 c1 01 00 00 08 0e 00 00 00 00 00 00 02 00 00 00 03 00 00 00 00 00 00 00 00 0e 00 00 00 00 ae 22 54 d9 19 00 f9 f6 49 77 00
04 OUT  04 1e 00 00 00 00 00 20 00 00 00 02 00 00 00 00 00 00 00 20 00 00 00 64 00 00 00 d0 df 19 00 f9 f6 49 77 00 00 00 00 74 9d ea 9b 1f 00 00 00 20 00 00 00 0f 00 00 00 a8 df 19 00 00 00 fb 00 28
05 OUT  04 32 00 00 00 00 00 a8 75 71 04 2c df 19 00 c4 5f eb 70 a8 75 71 04 e9 85 31 2f 78 b2 08 71 f7 08 00 00 4d 60 eb 70 00 00 00 00 bf 02 00 00 03 00 03 00 40 f7 6c 04 03 00 00 00 00 00 00 00 a0
06 OUT  40 00 00 f8 98 26 07 00 00 fb 00 74 df 19 00 99 84 31 2f 2f 00 00 00 34 df 19 00 64 00 00 00 96 00 01 01 68 17 f5 06 01 01 00 00 00 00 00 00 08 60 26 07 f8 98 26 07 58 17 f5 06 00 00 fb 00 2f
07 OUT  40 00 00 08 9c 26 07 00 00 fb 00 e4 de 19 00 09 87 31 2f 2f 00 00 00 a4 de 19 00 64 00 00 00 96 00 0f 01 68 17 f5 06 0f 01 00 00 00 00 00 00 08 60 26 07 08 9c 26 07 58 17 f5 06 00 00 fb 00 2f
08 OUT  40 00 00 80 9a 26 07 00 00 fb 00 e4 de 19 00 09 87 31 2f 2f 00 00 00 a4 de 19 00 64 00 00 00 96 00 08 01 68 17 f5 06 08 01 00 00 00 00 00 00 08 60 26 07 80 9a 26 07 58 17 f5 06 00 00 fb 00 2f
09 OUT  40 00 00 78 9c 26 07 00 00 fb 00 e4 de 19 00 09 87 31 2f 2f 00 00 00 a4 de 19 00 64 00 00 00 96 00 11 01 68 17 f5 06 11 01 00 00 00 00 00 00 08 60 26 07 78 9c 26 07 58 17 f5 06 00 00 fb 00 2f
10 OUT  40 00 00 28 9b 26 07 00 00 fb 00 e4 de 19 00 09 87 31 2f 2f 00 00 00 a4 de 19 00 64 00 00 00 96 00 0b 01 68 17 f5 06 0b 01 00 00 00 00 00 00 08 60 26 07 28 9b 26 07 58 17 f5 06 00 00 fb 00 2f
11 OUT  40 00 00 e0 9e 26 07 00 00 fb 00 e4 de 19 00 09 87 31 2f 2f 00 00 00 a4 de 19 00 64 00 00 00 96 00 1c 01 68 17 f5 06 1c 01 00 00 00 00 00 00 08 60 26 07 e0 9e 26 07 58 17 f5 06 00 00 fb 00 2f
12 OUT  40 00 00 b8 9a 26 07 00 00 fb 00 e4 de 19 00 09 87 31 2f 2f 00 00 00 a4 de 19 00 64 00 00 00 96 00 09 01 68 17 f5 06 09 01 00 00 00 00 00 00 08 60 26 07 b8 9a 26 07 58 17 f5 06 00 00 fb 00 2f
13 OUT  40 00 00 d8 99 26 07 00 00 fb 00 e4 de 19 00 09 87 31 2f 2f 00 00 00 a4 de 19 00 64 00 00 00 96 00 05 01 68 17 f5 06 05 01 00 00 00 00 00 00 08 60 26 07 d8 99 26 07 58 17 f5 06 00 00 fb 00 2f
14 OUT  40 00 00 48 9a 26 07 00 00 fb 00 e4 de 19 00 09 87 31 2f 2f 00 00 00 a4 de 19 00 64 00 00 00 96 00 07 01 68 17 f5 06 07 01 00 00 00 00 00 00 08 60 26 07 48 9a 26 07 58 17 f5 06 00 00 fb 00 2f
15 OUT  40 00 00 c0 98 26 07 00 00 fb 00 e4 de 19 00 09 87 31 2f 2f 00 00 00 a4 de 19 00 64 00 00 00 96 00 00 01 68 17 f5 06 00 01 00 00 00 00 00 00 08 60 26 07 c0 98 26 07 58 17 f5 06 00 00 fb 00 2f
16 OUT  40 00 00 48 9a 26 07 00 00 fb 00 e4 de 19 00 09 87 31 2f 2f 00 00 00 a4 de 19 00 64 00 00 00 96 00 07 01 68 17 f5 06 07 01 00 00 00 00 00 00 08 60 26 07 48 9a 26 07 58 17 f5 06 00 00 fb 00 2f
17 OUT  04 0f 00 00 00 00 00 a8 75 71 04 9c de 19 00 c4 5f eb 70 a8 75 71 04 59 84 31 2f 78 b2 08 71 f7 08 00 00 4d 60 eb 70 00 00 00 00 bf 02 00 00 03 00 03 00 40 f7 6c 04 03 00 00 00 00 00 00 00 a0
18 OUT  40 00 00 c0 98 26 07 00 00 fb 00 e4 de 19 00 09 87 31 2f 2f 00 00 00 a4 de 19 00 64 00 00 00 94 00 00 01 68 17 f5 06 00 01 00 00 00 00 00 00 08 60 26 07 c0 98 26 07 58 17 f5 06 00 00 fb 00 2f
19 OUT  40 00 00 78 9c 26 07 00 00 fb 00 e4 de 19 00 09 87 31 2f 2f 00 00 00 a4 de 19 00 64 00 00 00 94 00 11 01 68 17 f5 06 11 01 00 00 00 00 00 00 08 60 26 07 78 9c 26 07 58 17 f5 06 00 00 fb 00 2f
20 OUT  40 00 00 28 9b 26 07 00 00 fb 00 e4 de 19 00 09 87 31 2f 2f 00 00 00 a4 de 19 00 64 00 00 00 94 00 0b 01 68 17 f5 06 0b 01 00 00 00 00 00 00 08 60 26 07 28 9b 26 07 58 17 f5 06 00 00 fb 00 2f
21 OUT  40 00 00 d8 99 26 07 00 00 fb 00 e4 de 19 00 09 87 31 2f 2f 00 00 00 a4 de 19 00 64 00 00 00 94 00 05 01 68 17 f5 06 05 01 00 00 00 00 00 00 08 60 26 07 d8 99 26 07 58 17 f5 06 00 00 fb 00 2f
22 OUT  40 00 00 78 9c 26 07 00 00 fb 00 e4 de 19 00 09 87 31 2f 2f 00 00 00 a4 de 19 00 64 00 00 00 94 00 11 01 68 17 f5 06 11 01 00 00 00 00 00 00 08 60 26 07 78 9c 26 07 58 17 f5 06 00 00 fb 00 2f
23 OUT  40 00 00 80 9a 26 07 00 00 fb 00 e4 de 19 00 09 87 31 2f 2f 00 00 00 a4 de 19 00 64 00 00 00 94 00 08 01 68 17 f5 06 08 01 00 00 00 00 00 00 08 60 26 07 80 9a 26 07 58 17 f5 06 00 00 fb 00 2f
24 OUT  40 00 00 38 9e 26 07 00 00 fb 00 e4 de 19 00 09 87 31 2f 2f 00 00 00 a4 de 19 00 64 00 00 00 94 00 19 01 68 17 f5 06 19 01 00 00 00 00 00 00 08 60 26 07 38 9e 26 07 58 17 f5 06 00 00 fb 00 2f
25 OUT  40 00 00 80 9a 26 07 00 00 fb 00 e4 de 19 00 09 87 31 2f 2f 00 00 00 a4 de 19 00 64 00 00 00 94 00 08 01 68 17 f5 06 08 01 00 00 00 00 00 00 08 60 26 07 80 9a 26 07 58 17 f5 06 00 00 fb 00 2f
26 OUT  40 00 00 e0 9e 26 07 00 00 fb 00 e4 de 19 00 09 87 31 2f 2f 00 00 00 a4 de 19 00 64 00 00 00 94 00 1c 01 68 17 f5 06 1c 01 00 00 00 00 00 00 08 60 26 07 e0 9e 26 07 58 17 f5 06 00 00 fb 00 2f
27 OUT  40 00 00 80 9a 26 07 00 00 fb 00 e4 de 19 00 09 87 31 2f 2f 00 00 00 a4 de 19 00 64 00 00 00 94 00 08 01 68 17 f5 06 08 01 00 00 00 00 00 00 08 60 26 07 80 9a 26 07 58 17 f5 06 00 00 fb 00 2f
28 OUT  41 00 00 64 00 00 00 54 06 99 00 f8 20 f1 06 99 00 00 00 00 00 00 00 98 02 02 07 80 1b 02 07 e8 20 f1 06 00 00 fb 00 13 00 00 00 28 ea 19 00 aa ec 49 77 00 00 00 00 8c a8 ea 9b 30 69 fe 06 01
29 OUT  42 00 00 00 00 00 00 00 00 00 00 00 00 00 00 00 00 00 00 00 00 00 00 c0 f2 fc ff ff ff ff ff 00 00 00 00 ac e9 19 00 02 19 02 cb 94 ea 19 00 e0 9b b3 76 27 ca 69 27 fe ff ff ff 14 ea 19 00 4f
30 OUT  43 00 00 00 00 00 00 00 00 00 00 00 00 00 00 00 00 00 00 00 00 00 00 c0 f2 fc ff ff ff ff ff 00 00 00 00 ac e9 19 00 02 19 02 cb 94 ea 19 00 e0 9b b3 76 27 ca 69 27 fe ff ff ff 14 ea 19 00 4f
31 OUT  41 01 00 cd 0e b3 76 53 1d b2 51 30 08 00 00 00 00 00 00 20 d7 0c 77 24 00 00 00 01 00 00 00 00 00 00 00 00 00 00 00 00 00 00 00 00 00 00 00 00 00 00 00 00 00 00 00 00 00 00 00 c0 f2 fc ff ff
32 OUT  40 00 00 7c 92 4d 77 09 23 4f 77 00 00 00 00 08 ea 19 00 00 00 00 00 00 00 00 00 08 ea 19 00 08 ea 19 00 00 00 fb 00 2c ea 19 00 b0 0e b3 76 00 00 00 00 cd 0e b3 76 7b 1d b2 51 90 ce 01 07 00
