=== RUN 1 ===
packet 0:
  41 00 00 64 00 00 00 07 00 08 00 70 88 60 04 08 00 00 00 00 00 00 00 70 e0 fa 06 d8 e1 fa 06 60
  88 60 04 00 00 0d 01 13 00 00 00 38 ea 19 00 aa ec 37 77 00 00 00 00 1e 28 30 d2 08 ed 0e 07 00
packet 1:
  42 00 00 00 00 00 00 00 00 00 00 00 00 00 00 00 00 00 00 00 00 00 00 c0 f2 fc ff ff ff ff ff 00
  00 00 00 bc e9 19 00 06 8f 06 82 a4 ea 19 00 30 96 25 76 6a 7e 1b 72 fe ff ff ff 24 ea 19 00 9f
packet 2:
  43 00 00 00 00 00 00 00 00 00 00 00 00 00 00 00 00 00 00 00 00 00 00 c0 f2 fc ff ff ff ff ff 00
  00 00 00 bc e9 19 00 06 8f 06 82 a4 ea 19 00 30 96 25 76 6a 7e 1b 72 fe ff ff ff 24 ea 19 00 9f
packet 3:
  40 00 00 7c 92 3b 77 09 23 3d 77 00 00 00 00 18 ea 19 00 00 00 00 00 00 00 00 00 18 ea 19 00 18
  ea 19 00 00 00 0d 01 3c ea 19 00 00 09 25 76 00 00 00 00 1d 09 25 76 96 af 36 04 b8 96 66 04 00
packet 4:
  04 46 00 0c 5c 0c fc 0b b9 0b 24 0c 56 0b b3 0b a5 0b 8b b8 96 66 04 74 c0 9e 9f 00 00 0d 01 14
  ea 19 00 30 ea 19 00 aa ec 37 77 00 00 00 00 16 28 30 d2 b8 96 66 04 00 00 00 00 28 08 00 00 08
packet 5:
  a0 00 00 e8 f0 0f 07 00 00 0d 01 ac ea 19 00 1c c0 9e 9f 2f 00 00 00 74 ea 19 00 64 00 00 00 63
  00 93 00 18 5c 79 04 93 00 00 00 00 00 00 00 08 d0 0f 07 e8 f0 0f 07 08 5c 79 04 00 00 0d 01 2f
packet 6:
  a0 00 00 e8 f0 0f 07 00 00 0d 01 ac ea 19 00 1c c0 9e 9f 2f 00 00 00 74 ea 19 00 64 00 00 00 63
  00 93 00 18 5c 79 04 93 00 00 00 00 00 00 00 08 d0 0f 07 e8 f0 0f 07 08 5c 79 04 00 00 0d 01 2f
packet 7:
  a0 00 00 e8 f0 0f 07 00 00 0d 01 ac ea 19 00 1c c0 9e 9f 2f 00 00 00 74 ea 19 00 64 00 00 00 63
  00 93 00 18 5c 79 04 93 00 00 00 00 00 00 00 08 d0 0f 07 e8 f0 0f 07 08 5c 79 04 00 00 0d 01 2f
packet 8:
  a0 00 00 e8 f0 0f 07 00 00 0d 01 ac ea 19 00 1c c0 9e 9f 2f 00 00 00 74 ea 19 00 64 00 00 00 63
  00 93 00 18 5c 79 04 93 00 00 00 00 00 00 00 08 d0 0f 07 e8 f0 0f 07 08 5c 79 04 00 00 0d 01 2f
packet 9:
  a0 00 00 e8 f0 0f 07 00 00 0d 01 ac ea 19 00 1c c0 9e 9f 2f 00 00 00 74 ea 19 00 64 00 00 00 63
  00 93 00 18 5c 79 04 93 00 00 00 00 00 00 00 08 d0 0f 07 e8 f0 0f 07 08 5c 79 04 00 00 0d 01 2f
packet 10:
  a0 00 00 e8 f0 0f 07 00 00 0d 01 ac ea 19 00 1c c0 9e 9f 2f 00 00 00 74 ea 19 00 64 00 00 00 63
  00 93 00 18 5c 79 04 93 00 00 00 00 00 00 00 08 d0 0f 07 e8 f0 0f 07 08 5c 79 04 00 00 0d 01 2f
packet 11:
  a0 00 00 e8 f0 0f 07 00 00 0d 01 ac ea 19 00 1c c0 9e 9f 2f 00 00 00 74 ea 19 00 64 00 00 00 63
  00 93 00 18 5c 79 04 93 00 00 00 00 00 00 00 08 d0 0f 07 e8 f0 0f 07 08 5c 79 04 00 00 0d 01 2f
packet 12:
  a0 00 00 e8 f0 0f 07 00 00 0d 01 ac ea 19 00 1c c0 9e 9f 2f 00 00 00 74 ea 19 00 64 00 00 00 63
  00 93 00 18 5c 79 04 93 00 00 00 00 00 00 00 08 d0 0f 07 e8 f0 0f 07 08 5c 79 04 00 00 0d 01 2f
packet 13:
  a0 00 00 e8 f0 0f 07 00 00 0d 01 ac ea 19 00 1c c0 9e 9f 2f 00 00 00 74 ea 19 00 64 00 00 00 63
  00 93 00 18 5c 79 04 93 00 00 00 00 00 00 00 08 d0 0f 07 e8 f0 0f 07 08 5c 79 04 00 00 0d 01 2f
packet 14:
  a0 00 00 e8 f0 0f 07 00 00 0d 01 ac ea 19 00 1c c0 9e 9f 2f 00 00 00 74 ea 19 00 64 00 00 00 63
  00 93 00 18 5c 79 04 93 00 00 00 00 00 00 00 08 d0 0f 07 e8 f0 0f 07 08 5c 79 04 00 00 0d 01 2f
packet 15:
  41 00 00 64 00 00 00 07 00 00 00 70 88 60 04 00 00 00 00 00 00 00 00 70 e0 fa 06 98 e0 fa 06 60
  88 60 04 00 00 0d 01 13 00 00 00 38 ea 19 00 aa ec 37 77 00 00 00 00 1e 28 30 d2 00 00 00 00 01
packet 16:
  42 00 00 00 00 00 00 00 00 00 00 00 00 00 00 00 00 00 00 00 00 00 00 c0 f2 fc ff ff ff ff ff 00
  00 00 00 bc e9 19 00 06 bc 06 c9 a4 ea 19 00 30 96 25 76 6a 7e 1b 72 fe ff ff ff 24 ea 19 00 9f
packet 17:
  43 00 00 00 00 00 00 00 00 00 00 00 00 00 00 00 00 00 00 00 00 00 00 c0 f2 fc ff ff ff ff ff 00
  00 00 00 bc e9 19 00 06 bc 06 c9 a4 ea 19 00 30 96 25 76 6a 7e 1b 72 fe ff ff ff 24 ea 19 00 9f
packet 18:
  41 01 00 1d 09 25 76 be af 36 04 28 08 00 00 00 00 00 00 20 d7 68 76 24 00 00 00 01 00 00 00 00
  00 00 00 00 00 00 00 00 00 00 00 00 00 00 00 00 00 00 00 00 00 00 00 00 00 00 00 c0 f2 fc ff ff
packet 19:
  40 00 00 7c 92 3b 77 09 23 3d 77 00 00 00 00 18 ea 19 00 00 00 00 00 00 00 00 00 18 ea 19 00 18
  ea 19 00 00 00 0d 01 3c ea 19 00 00 09 25 76 00 00 00 00 1d 09 25 76 96 af 36 04 b8 96 66 04 00
packet 20:
  04 0a 02 30 00 00 00 3b 00 00 00 70 eb 19 00 f9 f6 37 77 00 00 00 00 56 29 30 d2 2f 00 00 00 30
  00 00 00 0f 00 00 00 48 eb 19 00 a0 eb 19 00 c8 eb 19 00 70 1b 3c 77 9e 19 6c a5 fe ff ff ff 90
packet 21:
  40 00 00 80 6c 10 07 00 00 0d 01 04 ec 19 00 6c c3 9e 9f 2f 00 00 00 c4 eb 19 00 64 00 00 00 5e
  00 c8 02 18 5c 79 04 c8 02 00 00 00 00 00 00 08 d0 0f 07 80 6c 10 07 08 5c 79 04 00 00 0d 01 2f
packet 22:
  04 0a 01 b8 eb 19 00 00 01 00 00 c4 eb 19 00 00 00 00 00 c5 eb 19 00 3e 00 00 00 c4 eb 19 00 42
  00 00 00 00 00 00 00 00 00 00 00 00 00 00 00 00 00 00 00 88 eb 19 00 0c 8c cf 70 32 78 d0 70 c4
packet 23:
  40 00 00 a8 70 10 07 00 00 0d 01 04 ec 19 00 6c c3 9e 9f 2f 00 00 00 c4 eb 19 00 64 00 00 00 5e
  00 db 02 18 5c 79 04 db 02 00 00 00 00 00 00 08 d0 0f 07 a8 70 10 07 08 5c 79 04 00 00 0d 01 2f
packet 24:
  04 8a 00 b8 eb 19 00 80 00 00 00 c4 eb 19 00 00 00 00 00 c5 eb 19 00 3e 00 00 00 c4 eb 19 00 42
  00 00 00 00 00 00 00 00 00 00 00 00 00 00 00 00 00 00 00 88 eb 19 00 0c 8c cf 70 32 78 d0 70 c4
packet 25:
  40 00 00 b8 6c 10 07 00 00 0d 01 04 ec 19 00 6c c3 9e 9f 2f 00 00 00 c4 eb 19 00 64 00 00 00 5e
  00 c9 02 18 5c 79 04 c9 02 00 00 00 00 00 00 08 d0 0f 07 b8 6c 10 07 08 5c 79 04 00 00 0d 01 2f
packet 26:
  04 4a 00 b8 eb 19 00 40 00 00 00 c4 eb 19 00 00 00 00 00 c5 eb 19 00 3e 00 00 00 c4 eb 19 00 42
  00 00 00 00 00 00 00 00 00 00 00 00 00 00 00 00 00 00 00 88 eb 19 00 0c 8c cf 70 32 78 d0 70 c4
packet 27:
  40 00 00 a8 70 10 07 00 00 0d 01 04 ec 19 00 6c c3 9e 9f 2f 00 00 00 c4 eb 19 00 64 00 00 00 5e
  00 db 02 18 5c 79 04 db 02 00 00 00 00 00 00 08 d0 0f 07 a8 70 10 07 08 5c 79 04 00 00 0d 01 2f
packet 28:
  04 6a 00 b8 eb 19 00 20 00 00 00 c4 eb 19 00 00 00 00 00 c5 eb 19 00 3e 00 00 00 c4 eb 19 00 42
  00 00 00 00 00 00 00 00 00 00 00 00 00 00 00 00 00 00 00 88 eb 19 00 0c 8c cf 70 32 78 d0 70 c4
packet 29:
  40 00 00 50 71 10 07 00 00 0d 01 04 ec 19 00 6c c3 9e 9f 2f 00 00 00 c4 eb 19 00 64 00 00 00 5e
  00 de 02 18 5c 79 04 de 02 00 00 00 00 00 00 08 d0 0f 07 50 71 10 07 08 5c 79 04 00 00 0d 01 2f
packet 30:
  04 7a 00 b8 eb 19 00 10 00 00 00 c4 eb 19 00 00 00 00 00 c5 eb 19 00 3e 00 00 00 c4 eb 19 00 42
  00 00 00 00 00 00 00 00 00 00 00 00 00 00 00 00 00 00 00 88 eb 19 00 0c 8c cf 70 32 78 d0 70 c4
packet 31:
  40 00 00 80 6c 10 07 00 00 0d 01 04 ec 19 00 6c c3 9e 9f 2f 00 00 00 c4 eb 19 00 64 00 00 00 5e
  00 c8 02 18 5c 79 04 c8 02 00 00 00 00 00 00 08 d0 0f 07 80 6c 10 07 08 5c 79 04 00 00 0d 01 2f
packet 32:
  04 72 00 b8 eb 19 00 08 00 00 00 c4 eb 19 00 00 00 00 00 c5 eb 19 00 3e 00 00 00 c4 eb 19 00 42
  00 00 00 00 00 00 00 00 00 00 00 00 00 00 00 00 00 00 00 88 eb 19 00 0c 8c cf 70 32 78 d0 70 c4
packet 33:
  40 00 00 80 6c 10 07 00 00 0d 01 04 ec 19 00 6c c3 9e 9f 2f 00 00 00 c4 eb 19 00 64 00 00 00 5e
  00 c8 02 18 5c 79 04 c8 02 00 00 00 00 00 00 08 d0 0f 07 80 6c 10 07 08 5c 79 04 00 00 0d 01 2f
packet 34:
  04 76 00 b8 eb 19 00 04 00 00 00 c4 eb 19 00 00 00 00 00 c5 eb 19 00 3e 00 00 00 c4 eb 19 00 42
  00 00 00 00 00 00 00 00 00 00 00 00 00 00 00 00 00 00 00 88 eb 19 00 0c 8c cf 70 32 78 d0 70 c4
packet 35:
  40 00 00 a8 70 10 07 00 00 0d 01 04 ec 19 00 6c c3 9e 9f 2f 00 00 00 c4 eb 19 00 64 00 00 00 5e
  00 db 02 18 5c 79 04 db 02 00 00 00 00 00 00 08 d0 0f 07 a8 70 10 07 08 5c 79 04 00 00 0d 01 2f
packet 36:
  40 00 00 a8 70 10 07 00 00 0d 01 3c ec 19 00 ac c2 9e 9f 2f 00 00 00 04 ec 19 00 64 00 00 00 5e
  00 db 02 18 5c 79 04 db 02 00 00 00 00 00 00 08 d0 0f 07 a8 70 10 07 08 5c 79 04 00 00 0d 01 2f
packet 37:
  40 00 00 a8 70 10 07 00 00 0d 01 3c ec 19 00 ac c2 9e 9f 2f 00 00 00 04 ec 19 00 64 00 00 00 5e
  00 db 02 18 5c 79 04 db 02 00 00 00 00 00 00 08 d0 0f 07 a8 70 10 07 08 5c 79 04 00 00 0d 01 2f
packet 38:
  40 00 00 80 6c 10 07 00 00 0d 01 3c ec 19 00 ac c2 9e 9f 2f 00 00 00 04 ec 19 00 64 00 00 00 5e
  00 c8 02 18 5c 79 04 c8 02 00 00 00 00 00 00 08 d0 0f 07 80 6c 10 07 08 5c 79 04 00 00 0d 01 2f
packet 39:
  40 00 00 f0 6c 10 07 00 00 0d 01 3c ec 19 00 ac c2 9e 9f 2f 00 00 00 04 ec 19 00 64 00 00 00 5e
  00 ca 02 18 5c 79 04 ca 02 00 00 00 00 00 00 08 d0 0f 07 f0 6c 10 07 08 5c 79 04 00 00 0d 01 2f
packet 40:
  40 00 00 a8 70 10 07 00 00 0d 01 3c ec 19 00 ac c2 9e 9f 2f 00 00 00 04 ec 19 00 64 00 00 00 5e
  00 db 02 18 5c 79 04 db 02 00 00 00 00 00 00 08 d0 0f 07 a8 70 10 07 08 5c 79 04 00 00 0d 01 2f
packet 41:
  40 00 00 18 71 10 07 00 00 0d 01 3c ec 19 00 ac c2 9e 9f 2f 00 00 00 04 ec 19 00 64 00 00 00 5e
  00 dd 02 18 5c 79 04 dd 02 00 00 00 00 00 00 08 d0 0f 07 18 71 10 07 08 5c 79 04 00 00 0d 01 2f
packet 42:
  40 00 00 a8 70 10 07 00 00 0d 01 3c ec 19 00 ac c2 9e 9f 2f 00 00 00 04 ec 19 00 64 00 00 00 5e
  00 db 02 18 5c 79 04 db 02 00 00 00 00 00 00 08 d0 0f 07 a8 70 10 07 08 5c 79 04 00 00 0d 01 2f
packet 43:
  40 00 00 a8 70 10 07 00 00 0d 01 3c ec 19 00 ac c2 9e 9f 2f 00 00 00 04 ec 19 00 64 00 00 00 5e
  00 db 02 18 5c 79 04 db 02 00 00 00 00 00 00 08 d0 0f 07 a8 70 10 07 08 5c 79 04 00 00 0d 01 2f
packet 44:
  40 00 00 80 6c 10 07 00 00 0d 01 3c ec 19 00 ac c2 9e 9f 2f 00 00 00 04 ec 19 00 64 00 00 00 5e
  00 c8 02 18 5c 79 04 c8 02 00 00 00 00 00 00 08 d0 0f 07 80 6c 10 07 08 5c 79 04 00 00 0d 01 2f
packet 45:
  40 00 00 a8 70 10 07 00 00 0d 01 3c ec 19 00 ac c2 9e 9f 2f 00 00 00 04 ec 19 00 64 00 00 00 5e
  00 db 02 18 5c 79 04 db 02 00 00 00 00 00 00 08 d0 0f 07 a8 70 10 07 08 5c 79 04 00 00 0d 01 2f

=== RUN 2 ===
packet 0:
  41 00 00 64 00 00 00 75 03 eb 02 80 44 1e 07 eb 02 00 00 00 00 00 00 40 30 13 07 f0 a5 13 07 70
  44 1e 07 00 00 07 01 13 00 00 00 38 ea 19 00 aa ec 37 77 00 00 00 00 eb 40 11 50 50 0c 10 07 00
packet 1:
  42 00 00 00 00 00 00 00 00 00 00 00 00 00 00 00 00 00 00 00 00 00 00 c0 f2 fc ff ff ff ff ff 00
  00 00 00 bc e9 19 00 06 dd 06 ab a4 ea 19 00 30 96 25 76 bf 6c 76 93 fe ff ff ff 24 ea 19 00 9f
packet 2:
  43 00 00 00 00 00 00 00 00 00 00 00 00 00 00 00 00 00 00 00 00 00 00 c0 f2 fc ff ff ff ff ff 00
  00 00 00 bc e9 19 00 06 dd 06 ab a4 ea 19 00 30 96 25 76 bf 6c 76 93 fe ff ff ff 24 ea 19 00 9f
packet 3:
  40 00 00 7c 92 3b 77 09 23 3d 77 00 00 00 00 18 ea 19 00 00 00 00 00 00 00 00 00 18 ea 19 00 18
  ea 19 00 00 00 07 01 3c ea 19 00 00 09 25 76 00 00 00 00 1d 09 25 76 43 bd 5b e5 60 12 75 04 00
packet 4:
  04 46 00 0b c5 0b 0c 0c cb 0b 0f 0c 75 0c 9f 0b 85 0b f8 60 12 75 04 e6 13 92 3f 00 00 07 01 14
  ea 19 00 30 ea 19 00 aa ec 37 77 00 00 00 00 e3 40 11 50 60 12 75 04 00 00 00 00 28 08 00 00 08
packet 5:
  a0 00 00 58 6d 10 07 00 00 07 01 ac ea 19 00 8e 13 92 3f 2f 00 00 00 74 ea 19 00 64 00 00 00 86
  00 ef 00 b8 b1 83 04 ef 00 00 00 00 00 00 00 50 38 10 07 58 6d 10 07 a8 b1 83 04 00 00 07 01 2f
packet 6:
  a0 00 00 58 6d 10 07 00 00 07 01 ac ea 19 00 8e 13 92 3f 2f 00 00 00 74 ea 19 00 64 00 00 00 86
  00 ef 00 b8 b1 83 04 ef 00 00 00 00 00 00 00 50 38 10 07 58 6d 10 07 a8 b1 83 04 00 00 07 01 2f
packet 7:
  a0 00 00 58 6d 10 07 00 00 07 01 ac ea 19 00 8e 13 92 3f 2f 00 00 00 74 ea 19 00 64 00 00 00 86
  00 ef 00 b8 b1 83 04 ef 00 00 00 00 00 00 00 50 38 10 07 58 6d 10 07 a8 b1 83 04 00 00 07 01 2f
packet 8:
  a0 00 00 58 6d 10 07 00 00 07 01 ac ea 19 00 8e 13 92 3f 2f 00 00 00 74 ea 19 00 64 00 00 00 86
  00 ef 00 b8 b1 83 04 ef 00 00 00 00 00 00 00 50 38 10 07 58 6d 10 07 a8 b1 83 04 00 00 07 01 2f
packet 9:
  a0 00 00 58 6d 10 07 00 00 07 01 ac ea 19 00 8e 13 92 3f 2f 00 00 00 74 ea 19 00 64 00 00 00 86
  00 ef 00 b8 b1 83 04 ef 00 00 00 00 00 00 00 50 38 10 07 58 6d 10 07 a8 b1 83 04 00 00 07 01 2f
packet 10:
  a0 00 00 58 6d 10 07 00 00 07 01 ac ea 19 00 8e 13 92 3f 2f 00 00 00 74 ea 19 00 64 00 00 00 86
  00 ef 00 b8 b1 83 04 ef 00 00 00 00 00 00 00 50 38 10 07 58 6d 10 07 a8 b1 83 04 00 00 07 01 2f
packet 11:
  a0 00 00 58 6d 10 07 00 00 07 01 ac ea 19 00 8e 13 92 3f 2f 00 00 00 74 ea 19 00 64 00 00 00 86
  00 ef 00 b8 b1 83 04 ef 00 00 00 00 00 00 00 50 38 10 07 58 6d 10 07 a8 b1 83 04 00 00 07 01 2f
packet 12:
  a0 00 00 58 6d 10 07 00 00 07 01 ac ea 19 00 8e 13 92 3f 2f 00 00 00 74 ea 19 00 64 00 00 00 86
  00 ef 00 b8 b1 83 04 ef 00 00 00 00 00 00 00 50 38 10 07 58 6d 10 07 a8 b1 83 04 00 00 07 01 2f
packet 13:
  a0 00 00 58 6d 10 07 00 00 07 01 ac ea 19 00 8e 13 92 3f 2f 00 00 00 74 ea 19 00 64 00 00 00 86
  00 ef 00 b8 b1 83 04 ef 00 00 00 00 00 00 00 50 38 10 07 58 6d 10 07 a8 b1 83 04 00 00 07 01 2f
packet 14:
  a0 00 00 58 6d 10 07 00 00 07 01 ac ea 19 00 8e 13 92 3f 2f 00 00 00 74 ea 19 00 64 00 00 00 86
  00 ef 00 b8 b1 83 04 ef 00 00 00 00 00 00 00 50 38 10 07 58 6d 10 07 a8 b1 83 04 00 00 07 01 2f
packet 15:
  41 00 00 64 00 00 00 75 03 e7 02 80 44 1e 07 e7 02 00 00 00 00 00 00 40 30 13 07 50 a5 13 07 70
  44 1e 07 00 00 07 01 13 00 00 00 38 ea 19 00 aa ec 37 77 00 00 00 00 eb 40 11 50 00 00 00 00 01
packet 16:
  42 00 00 00 00 00 00 00 00 00 00 00 00 00 00 00 00 00 00 00 00 00 00 c0 f2 fc ff ff ff ff ff 00
  00 00 00 bc e9 19 00 06 02 07 ac a4 ea 19 00 30 96 25 76 bf 6c 76 93 fe ff ff ff 24 ea 19 00 9f
packet 17:
  43 00 00 00 00 00 00 00 00 00 00 00 00 00 00 00 00 00 00 00 00 00 00 c0 f2 fc ff ff ff ff ff 00
  00 00 00 bc e9 19 00 06 02 07 ac a4 ea 19 00 30 96 25 76 bf 6c 76 93 fe ff ff ff 24 ea 19 00 9f
packet 18:
  41 01 00 1d 09 25 76 6b bd 5b e5 28 08 00 00 00 00 00 00 20 d7 68 76 24 00 00 00 01 00 00 00 00
  00 00 00 00 00 00 00 00 00 00 00 00 00 00 00 00 00 00 00 00 00 00 00 00 00 00 00 c0 f2 fc ff ff
packet 19:
  40 00 00 7c 92 3b 77 09 23 3d 77 00 00 00 00 18 ea 19 00 00 00 00 00 00 00 00 00 18 ea 19 00 18
  ea 19 00 00 00 07 01 3c ea 19 00 00 09 25 76 00 00 00 00 1d 09 25 76 43 bd 5b e5 60 12 75 04 00
packet 20:
  04 0a 02 30 00 00 00 3b 00 00 00 70 eb 19 00 f9 f6 37 77 00 00 00 00 a3 41 11 50 2f 00 00 00 30
  00 00 00 0f 00 00 00 48 eb 19 00 a0 eb 19 00 c8 eb 19 00 70 1b 3c 77 6b 71 4d 27 fe ff ff ff 90
packet 21:
  40 00 00 d0 72 10 07 00 00 07 01 04 ec 19 00 fe 10 92 3f 2f 00 00 00 c4 eb 19 00 64 00 00 00 81
  00 08 01 b8 b1 83 04 08 01 00 00 00 00 00 00 50 38 10 07 d0 72 10 07 a8 b1 83 04 00 00 07 01 2f
packet 22:
  04 0a 01 b8 eb 19 00 00 01 00 00 c4 eb 19 00 00 00 00 00 c5 eb 19 00 3e 00 00 00 c4 eb 19 00 42
  00 00 00 00 00 00 00 00 00 00 00 00 00 00 00 00 00 00 00 88 eb 19 00 0c 8c cf 70 32 78 d0 70 c4
packet 23:
  40 00 00 98 72 10 07 00 00 07 01 04 ec 19 00 fe 10 92 3f 2f 00 00 00 c4 eb 19 00 64 00 00 00 81
  00 07 01 b8 b1 83 04 07 01 00 00 00 00 00 00 50 38 10 07 98 72 10 07 a8 b1 83 04 00 00 07 01 2f
packet 24:
  04 8a 00 b8 eb 19 00 80 00 00 00 c4 eb 19 00 00 00 00 00 c5 eb 19 00 3e 00 00 00 c4 eb 19 00 42
  00 00 00 00 00 00 00 00 00 00 00 00 00 00 00 00 00 00 00 88 eb 19 00 0c 8c cf 70 32 78 d0 70 c4
packet 25:
  40 00 00 30 77 10 07 00 00 07 01 04 ec 19 00 fe 10 92 3f 2f 00 00 00 c4 eb 19 00 64 00 00 00 81
  00 1c 01 b8 b1 83 04 1c 01 00 00 00 00 00 00 50 38 10 07 30 77 10 07 a8 b1 83 04 00 00 07 01 2f
packet 26:
  04 4a 00 b8 eb 19 00 40 00 00 00 c4 eb 19 00 00 00 00 00 c5 eb 19 00 3e 00 00 00 c4 eb 19 00 42
  00 00 00 00 00 00 00 00 00 00 00 00 00 00 00 00 00 00 00 88 eb 19 00 0c 8c cf 70 32 78 d0 70 c4
packet 27:
  40 00 00 20 74 10 07 00 00 07 01 04 ec 19 00 fe 10 92 3f 2f 00 00 00 c4 eb 19 00 64 00 00 00 81
  00 0e 01 b8 b1 83 04 0e 01 00 00 00 00 00 00 50 38 10 07 20 74 10 07 a8 b1 83 04 00 00 07 01 2f
packet 28:
  04 6a 00 b8 eb 19 00 20 00 00 00 c4 eb 19 00 00 00 00 00 c5 eb 19 00 3e 00 00 00 c4 eb 19 00 42
  00 00 00 00 00 00 00 00 00 00 00 00 00 00 00 00 00 00 00 88 eb 19 00 0c 8c cf 70 32 78 d0 70 c4
packet 29:
  40 00 00 20 74 10 07 00 00 07 01 04 ec 19 00 fe 10 92 3f 2f 00 00 00 c4 eb 19 00 64 00 00 00 81
  00 0e 01 b8 b1 83 04 0e 01 00 00 00 00 00 00 50 38 10 07 20 74 10 07 a8 b1 83 04 00 00 07 01 2f
packet 30:
  04 7a 00 b8 eb 19 00 10 00 00 00 c4 eb 19 00 00 00 00 00 c5 eb 19 00 3e 00 00 00 c4 eb 19 00 42
  00 00 00 00 00 00 00 00 00 00 00 00 00 00 00 00 00 00 00 88 eb 19 00 0c 8c cf 70 32 78 d0 70 c4
packet 31:
  40 00 00 38 75 10 07 00 00 07 01 04 ec 19 00 fe 10 92 3f 2f 00 00 00 c4 eb 19 00 64 00 00 00 81
  00 13 01 b8 b1 83 04 13 01 00 00 00 00 00 00 50 38 10 07 38 75 10 07 a8 b1 83 04 00 00 07 01 2f
packet 32:
  40 00 00 20 74 10 07 00 00 07 01 3c ec 19 00 3e 11 92 3f 2f 00 00 00 04 ec 19 00 64 00 00 00 81
  00 0e 01 b8 b1 83 04 0e 01 00 00 00 00 00 00 50 38 10 07 20 74 10 07 a8 b1 83 04 00 00 07 01 2f
packet 33:
  40 00 00 98 72 10 07 00 00 07 01 3c ec 19 00 3e 11 92 3f 2f 00 00 00 04 ec 19 00 64 00 00 00 81
  00 07 01 b8 b1 83 04 07 01 00 00 00 00 00 00 50 38 10 07 98 72 10 07 a8 b1 83 04 00 00 07 01 2f
packet 34:
  40 00 00 48 71 10 07 00 00 07 01 3c ec 19 00 3e 11 92 3f 2f 00 00 00 04 ec 19 00 64 00 00 00 81
  00 01 01 b8 b1 83 04 01 01 00 00 00 00 00 00 50 38 10 07 48 71 10 07 a8 b1 83 04 00 00 07 01 2f
packet 35:
  40 00 00 38 75 10 07 00 00 07 01 3c ec 19 00 3e 11 92 3f 2f 00 00 00 04 ec 19 00 64 00 00 00 81
  00 13 01 b8 b1 83 04 13 01 00 00 00 00 00 00 50 38 10 07 38 75 10 07 a8 b1 83 04 00 00 07 01 2f
packet 36:
  40 00 00 20 74 10 07 00 00 07 01 3c ec 19 00 3e 11 92 3f 2f 00 00 00 04 ec 19 00 64 00 00 00 81
  00 0e 01 b8 b1 83 04 0e 01 00 00 00 00 00 00 50 38 10 07 20 74 10 07 a8 b1 83 04 00 00 07 01 2f
packet 37:
  40 00 00 98 72 10 07 00 00 07 01 3c ec 19 00 3e 11 92 3f 2f 00 00 00 04 ec 19 00 64 00 00 00 81
  00 07 01 b8 b1 83 04 07 01 00 00 00 00 00 00 50 38 10 07 98 72 10 07 a8 b1 83 04 00 00 07 01 2f
packet 38:
  40 00 00 38 75 10 07 00 00 07 01 3c ec 19 00 3e 11 92 3f 2f 00 00 00 04 ec 19 00 64 00 00 00 81
  00 13 01 b8 b1 83 04 13 01 00 00 00 00 00 00 50 38 10 07 38 75 10 07 a8 b1 83 04 00 00 07 01 2f
packet 39:
  40 00 00 70 75 10 07 00 00 07 01 3c ec 19 00 3e 11 92 3f 2f 00 00 00 04 ec 19 00 64 00 00 00 81
  00 14 01 b8 b1 83 04 14 01 00 00 00 00 00 00 50 38 10 07 70 75 10 07 a8 b1 83 04 00 00 07 01 2f
packet 40:
  40 00 00 20 74 10 07 00 00 07 01 3c ec 19 00 3e 11 92 3f 2f 00 00 00 04 ec 19 00 64 00 00 00 81
  00 0e 01 b8 b1 83 04 0e 01 00 00 00 00 00 00 50 38 10 07 20 74 10 07 a8 b1 83 04 00 00 07 01 2f
packet 41:
  40 00 00 98 72 10 07 00 00 07 01 3c ec 19 00 3e 11 92 3f 2f 00 00 00 04 ec 19 00 64 00 00 00 81
  00 07 01 b8 b1 83 04 07 01 00 00 00 00 00 00 50 38 10 07 98 72 10 07 a8 b1 83 04 00 00 07 01 2f

=== RUN 3 ===
packet 0:
  41 00 00 64 00 00 00 73 03 eb 02 88 b1 63 04 eb 02 00 00 00 00 00 00 a8 90 12 07 58 06 13 07 78
  b1 63 04 00 00 14 01 13 00 00 00 38 ea 19 00 aa ec 37 77 00 00 00 00 20 00 e9 01 e8 71 10 07 00
packet 1:
  42 00 00 00 00 00 00 00 00 00 00 00 00 00 00 00 00 00 00 00 00 00 00 c0 f2 fc ff ff ff ff ff 00
  00 00 00 bc e9 19 00 06 70 06 a1 a4 ea 19 00 30 96 25 76 0c 3d c2 c1 fe ff ff ff 24 ea 19 00 9f
packet 2:
  43 00 00 00 00 00 00 00 00 00 00 00 00 00 00 00 00 00 00 00 00 00 00 c0 f2 fc ff ff ff ff ff 00
  00 00 00 bc e9 19 00 06 70 06 a1 a4 ea 19 00 30 96 25 76 0c 3d c2 c1 fe ff ff ff 24 ea 19 00 9f
packet 3:
  40 00 00 7c 92 3b 77 09 23 3d 77 00 00 00 00 18 ea 19 00 00 00 00 00 00 00 00 00 18 ea 19 00 18
  ea 19 00 00 00 14 01 3c ea 19 00 00 09 25 76 00 00 00 00 1d 09 25 76 f0 ec ef b7 98 a2 5e 04 00
packet 4:
  04 46 00 0c cc 0b 8a 0b 68 0b 6f 0c ae 0b b0 0c bd 0c 9c 98 a2 5e 04 11 79 f1 74 00 00 14 01 14
  ea 19 00 30 ea 19 00 aa ec 37 77 00 00 00 00 28 00 e9 01 98 a2 5e 04 00 00 00 00 28 08 00 00 08
packet 5:
  a0 00 00 78 e3 17 07 00 00 14 01 ac ea 19 00 79 79 f1 74 2f 00 00 00 74 ea 19 00 64 00 00 00 62
  00 7a 01 00 a8 63 04 7a 01 00 00 00 00 00 00 10 90 17 07 78 e3 17 07 f0 a7 63 04 00 00 14 01 2f
packet 6:
  a0 00 00 78 e3 17 07 00 00 14 01 ac ea 19 00 79 79 f1 74 2f 00 00 00 74 ea 19 00 64 00 00 00 62
  00 7a 01 00 a8 63 04 7a 01 00 00 00 00 00 00 10 90 17 07 78 e3 17 07 f0 a7 63 04 00 00 14 01 2f
packet 7:
  a0 00 00 78 e3 17 07 00 00 14 01 ac ea 19 00 79 79 f1 74 2f 00 00 00 74 ea 19 00 64 00 00 00 62
  00 7a 01 00 a8 63 04 7a 01 00 00 00 00 00 00 10 90 17 07 78 e3 17 07 f0 a7 63 04 00 00 14 01 2f
packet 8:
  a0 00 00 78 e3 17 07 00 00 14 01 ac ea 19 00 79 79 f1 74 2f 00 00 00 74 ea 19 00 64 00 00 00 62
  00 7a 01 00 a8 63 04 7a 01 00 00 00 00 00 00 10 90 17 07 78 e3 17 07 f0 a7 63 04 00 00 14 01 2f
packet 9:
  a0 00 00 78 e3 17 07 00 00 14 01 ac ea 19 00 79 79 f1 74 2f 00 00 00 74 ea 19 00 64 00 00 00 62
  00 7a 01 00 a8 63 04 7a 01 00 00 00 00 00 00 10 90 17 07 78 e3 17 07 f0 a7 63 04 00 00 14 01 2f
packet 10:
  a0 00 00 78 e3 17 07 00 00 14 01 ac ea 19 00 79 79 f1 74 2f 00 00 00 74 ea 19 00 64 00 00 00 62
  00 7a 01 00 a8 63 04 7a 01 00 00 00 00 00 00 10 90 17 07 78 e3 17 07 f0 a7 63 04 00 00 14 01 2f
packet 11:
  a0 00 00 78 e3 17 07 00 00 14 01 ac ea 19 00 79 79 f1 74 2f 00 00 00 74 ea 19 00 64 00 00 00 62
  00 7a 01 00 a8 63 04 7a 01 00 00 00 00 00 00 10 90 17 07 78 e3 17 07 f0 a7 63 04 00 00 14 01 2f
packet 12:
  a0 00 00 78 e3 17 07 00 00 14 01 ac ea 19 00 79 79 f1 74 2f 00 00 00 74 ea 19 00 64 00 00 00 62
  00 7a 01 00 a8 63 04 7a 01 00 00 00 00 00 00 10 90 17 07 78 e3 17 07 f0 a7 63 04 00 00 14 01 2f
packet 13:
  a0 00 00 78 e3 17 07 00 00 14 01 ac ea 19 00 79 79 f1 74 2f 00 00 00 74 ea 19 00 64 00 00 00 62
  00 7a 01 00 a8 63 04 7a 01 00 00 00 00 00 00 10 90 17 07 78 e3 17 07 f0 a7 63 04 00 00 14 01 2f
packet 14:
  a0 00 00 78 e3 17 07 00 00 14 01 ac ea 19 00 79 79 f1 74 2f 00 00 00 74 ea 19 00 64 00 00 00 62
  00 7a 01 00 a8 63 04 7a 01 00 00 00 00 00 00 10 90 17 07 78 e3 17 07 f0 a7 63 04 00 00 14 01 2f
packet 15:
  41 00 00 64 00 00 00 73 03 e8 02 88 b1 63 04 e8 02 00 00 00 00 00 00 a8 90 12 07 e0 05 13 07 78
  b1 63 04 00 00 14 01 13 00 00 00 38 ea 19 00 aa ec 37 77 00 00 00 00 20 00 e9 01 00 00 00 00 01
packet 16:
  42 00 00 00 00 00 00 00 00 00 00 00 00 00 00 00 00 00 00 00 00 00 00 c0 f2 fc ff ff ff ff ff 00
  00 00 00 bc e9 19 00 06 ac 06 a6 a4 ea 19 00 30 96 25 76 0c 3d c2 c1 fe ff ff ff 24 ea 19 00 9f
packet 17:
  43 00 00 00 00 00 00 00 00 00 00 00 00 00 00 00 00 00 00 00 00 00 00 c0 f2 fc ff ff ff ff ff 00
  00 00 00 bc e9 19 00 06 ac 06 a6 a4 ea 19 00 30 96 25 76 0c 3d c2 c1 fe ff ff ff 24 ea 19 00 9f
packet 18:
  41 01 00 1d 09 25 76 d8 ec ef b7 28 08 00 00 00 00 00 00 20 d7 68 76 24 00 00 00 01 00 00 00 00
  00 00 00 00 00 00 00 00 00 00 00 00 00 00 00 00 00 00 00 00 00 00 00 00 00 00 00 c0 f2 fc ff ff
packet 19:
  40 00 00 7c 92 3b 77 09 23 3d 77 00 00 00 00 18 ea 19 00 00 00 00 00 00 00 00 00 18 ea 19 00 18
  ea 19 00 00 00 14 01 3c ea 19 00 00 09 25 76 00 00 00 00 1d 09 25 76 f0 ec ef b7 98 a2 5e 04 00
packet 20:
  04 0a 02 30 00 00 00 27 41 00 00 70 eb 19 00 f9 f6 37 77 00 00 00 00 68 01 e9 01 2f 00 00 00 30
  00 00 00 0f 00 00 00 48 eb 19 00 a0 eb 19 00 c8 eb 19 00 70 1b 3c 77 a0 31 b5 76 fe ff ff ff 90
packet 21:
  40 00 00 40 61 18 07 00 00 14 01 04 ec 19 00 09 7a f1 74 2f 00 00 00 c4 eb 19 00 64 00 00 00 5d
  00 b9 03 00 a8 63 04 b9 03 00 00 00 00 00 00 10 90 17 07 40 61 18 07 f0 a7 63 04 00 00 14 01 2f
packet 22:
  04 0a 01 b8 eb 19 00 00 01 00 00 c4 eb 19 00 00 00 00 00 c5 eb 19 00 3e 00 00 00 c4 eb 19 00 42
  00 00 00 00 00 00 00 00 00 00 00 00 00 00 00 00 00 00 00 88 eb 19 00 0c 8c cf 70 32 78 d0 70 c4
packet 23:
  40 00 00 40 61 18 07 00 00 14 01 04 ec 19 00 09 7a f1 74 2f 00 00 00 c4 eb 19 00 64 00 00 00 5d
  00 b9 03 00 a8 63 04 b9 03 00 00 00 00 00 00 10 90 17 07 40 61 18 07 f0 a7 63 04 00 00 14 01 2f
packet 24:
  04 8a 00 b8 eb 19 00 80 00 00 00 c4 eb 19 00 00 00 00 00 c5 eb 19 00 3e 00 00 00 c4 eb 19 00 42
  00 00 00 00 00 00 00 00 00 00 00 00 00 00 00 00 00 00 00 88 eb 19 00 0c 8c cf 70 32 78 d0 70 c4
packet 25:
  40 00 00 18 5d 18 07 00 00 14 01 04 ec 19 00 09 7a f1 74 2f 00 00 00 c4 eb 19 00 64 00 00 00 5d
  00 a6 03 00 a8 63 04 a6 03 00 00 00 00 00 00 10 90 17 07 18 5d 18 07 f0 a7 63 04 00 00 14 01 2f
packet 26:
  04 4a 00 b8 eb 19 00 40 00 00 00 c4 eb 19 00 00 00 00 00 c5 eb 19 00 3e 00 00 00 c4 eb 19 00 42
  00 00 00 00 00 00 00 00 00 00 00 00 00 00 00 00 00 00 00 88 eb 19 00 0c 8c cf 70 32 78 d0 70 c4
packet 27:
  40 00 00 40 61 18 07 00 00 14 01 04 ec 19 00 09 7a f1 74 2f 00 00 00 c4 eb 19 00 64 00 00 00 5d
  00 b9 03 00 a8 63 04 b9 03 00 00 00 00 00 00 10 90 17 07 40 61 18 07 f0 a7 63 04 00 00 14 01 2f
packet 28:
  04 6a 00 b8 eb 19 00 20 00 00 00 c4 eb 19 00 00 00 00 00 c5 eb 19 00 3e 00 00 00 c4 eb 19 00 42
  00 00 00 00 00 00 00 00 00 00 00 00 00 00 00 00 00 00 00 88 eb 19 00 0c 8c cf 70 32 78 d0 70 c4
packet 29:
  40 00 00 40 61 18 07 00 00 14 01 04 ec 19 00 09 7a f1 74 2f 00 00 00 c4 eb 19 00 64 00 00 00 5d
  00 b9 03 00 a8 63 04 b9 03 00 00 00 00 00 00 10 90 17 07 40 61 18 07 f0 a7 63 04 00 00 14 01 2f
packet 30:
  04 7a 00 b8 eb 19 00 10 00 00 00 c4 eb 19 00 00 00 00 00 c5 eb 19 00 3e 00 00 00 c4 eb 19 00 42
  00 00 00 00 00 00 00 00 00 00 00 00 00 00 00 00 00 00 00 88 eb 19 00 0c 8c cf 70 32 78 d0 70 c4
packet 31:
  40 00 00 40 61 18 07 00 00 14 01 04 ec 19 00 09 7a f1 74 2f 00 00 00 c4 eb 19 00 64 00 00 00 5d
  00 b9 03 00 a8 63 04 b9 03 00 00 00 00 00 00 10 90 17 07 40 61 18 07 f0 a7 63 04 00 00 14 01 2f
packet 32:
  40 00 00 40 61 18 07 00 00 14 01 3c ec 19 00 c9 7b f1 74 2f 00 00 00 04 ec 19 00 64 00 00 00 5d
  00 b9 03 00 a8 63 04 b9 03 00 00 00 00 00 00 10 90 17 07 40 61 18 07 f0 a7 63 04 00 00 14 01 2f
packet 33:
  40 00 00 88 5d 18 07 00 00 14 01 3c ec 19 00 c9 7b f1 74 2f 00 00 00 04 ec 19 00 64 00 00 00 5d
  00 a8 03 00 a8 63 04 a8 03 00 00 00 00 00 00 10 90 17 07 88 5d 18 07 f0 a7 63 04 00 00 14 01 2f
packet 34:
  40 00 00 40 61 18 07 00 00 14 01 3c ec 19 00 c9 7b f1 74 2f 00 00 00 04 ec 19 00 64 00 00 00 5d
  00 b9 03 00 a8 63 04 b9 03 00 00 00 00 00 00 10 90 17 07 40 61 18 07 f0 a7 63 04 00 00 14 01 2f
packet 35:
  40 00 00 40 61 18 07 00 00 14 01 3c ec 19 00 c9 7b f1 74 2f 00 00 00 04 ec 19 00 64 00 00 00 5d
  00 b9 03 00 a8 63 04 b9 03 00 00 00 00 00 00 10 90 17 07 40 61 18 07 f0 a7 63 04 00 00 14 01 2f
packet 36:
  40 00 00 40 61 18 07 00 00 14 01 3c ec 19 00 c9 7b f1 74 2f 00 00 00 04 ec 19 00 64 00 00 00 5d
  00 b9 03 00 a8 63 04 b9 03 00 00 00 00 00 00 10 90 17 07 40 61 18 07 f0 a7 63 04 00 00 14 01 2f
packet 37:
  40 00 00 40 61 18 07 00 00 14 01 3c ec 19 00 c9 7b f1 74 2f 00 00 00 04 ec 19 00 64 00 00 00 5d
  00 b9 03 00 a8 63 04 b9 03 00 00 00 00 00 00 10 90 17 07 40 61 18 07 f0 a7 63 04 00 00 14 01 2f
packet 38:
  40 00 00 40 61 18 07 00 00 14 01 3c ec 19 00 c9 7b f1 74 2f 00 00 00 04 ec 19 00 64 00 00 00 5d
  00 b9 03 00 a8 63 04 b9 03 00 00 00 00 00 00 10 90 17 07 40 61 18 07 f0 a7 63 04 00 00 14 01 2f
packet 39:
  40 00 00 40 61 18 07 00 00 14 01 3c ec 19 00 c9 7b f1 74 2f 00 00 00 04 ec 19 00 64 00 00 00 5d
  00 b9 03 00 a8 63 04 b9 03 00 00 00 00 00 00 10 90 17 07 40 61 18 07 f0 a7 63 04 00 00 14 01 2f
packet 40:
  40 00 00 18 5d 18 07 00 00 14 01 3c ec 19 00 c9 7b f1 74 2f 00 00 00 04 ec 19 00 64 00 00 00 5d
  00 a6 03 00 a8 63 04 a6 03 00 00 00 00 00 00 10 90 17 07 18 5d 18 07 f0 a7 63 04 00 00 14 01 2f
packet 41:
  40 00 00 18 5d 18 07 00 00 14 01 3c ec 19 00 c9 7b f1 74 2f 00 00 00 04 ec 19 00 64 00 00 00 5d
  00 a6 03 00 a8 63 04 a6 03 00 00 00 00 00 00 10 90 17 07 18 5d 18 07 f0 a7 63 04 00 00 14 01 2f

=== RUN 4 ===
packet 0:
  41 00 00 64 00 00 00 36 04 72 02 78 50 f6 06 72 02 00 00 00 00 00 00 08 50 00 07 d0 b2 00 07 68
  50 f6 06 00 00 0f 01 13 00 00 00 38 ea 19 00 aa ec 37 77 00 00 00 00 9a 1c 3a a2 c0 15 e1 06 00
packet 1:
  42 00 00 00 00 00 00 00 00 00 00 00 00 00 00 00 00 00 00 00 00 00 00 c0 f2 fc ff ff ff ff ff 00
  00 00 00 bc e9 19 00 06 61 06 b8 a4 ea 19 00 30 96 25 76 94 38 16 6d fe ff ff ff 24 ea 19 00 9f
packet 2:
  43 00 00 00 00 00 00 00 00 00 00 00 00 00 00 00 00 00 00 00 00 00 00 c0 f2 fc ff ff ff ff ff 00
  00 00 00 bc e9 19 00 06 61 06 b8 a4 ea 19 00 30 96 25 76 94 38 16 6d fe ff ff ff 24 ea 19 00 9f
packet 3:
  40 00 00 7c 92 3b 77 09 23 3d 77 00 00 00 00 18 ea 19 00 00 00 00 00 00 00 00 00 18 ea 19 00 18
  ea 19 00 00 00 0f 01 3c ea 19 00 00 09 25 76 00 00 00 00 1d 09 25 76 68 e9 3b 1b a8 7b 69 04 00
packet 4:
  04 46 00 0c 56 0c 91 0c da 0b 24 0c 47 0b 8c 0b da 0b 16 a8 7b 69 04 83 36 9a 54 00 00 0f 01 14
  ea 19 00 30 ea 19 00 aa ec 37 77 00 00 00 00 92 1c 3a a2 a8 7b 69 04 00 00 00 00 28 08 00 00 08
packet 5:
  a0 00 00 00 f3 0c 07 00 00 0f 01 ac ea 19 00 eb 36 9a 54 2f 00 00 00 74 ea 19 00 64 00 00 00 62
  00 52 01 58 52 f6 06 52 01 00 00 00 00 00 00 58 a8 0c 07 00 f3 0c 07 48 52 f6 06 00 00 0f 01 2f
packet 6:
  a0 00 00 00 f3 0c 07 00 00 0f 01 ac ea 19 00 eb 36 9a 54 2f 00 00 00 74 ea 19 00 64 00 00 00 62
  00 52 01 58 52 f6 06 52 01 00 00 00 00 00 00 58 a8 0c 07 00 f3 0c 07 48 52 f6 06 00 00 0f 01 2f
packet 7:
  a0 00 00 00 f3 0c 07 00 00 0f 01 ac ea 19 00 eb 36 9a 54 2f 00 00 00 74 ea 19 00 64 00 00 00 62
  00 52 01 58 52 f6 06 52 01 00 00 00 00 00 00 58 a8 0c 07 00 f3 0c 07 48 52 f6 06 00 00 0f 01 2f
packet 8:
  a0 00 00 00 f3 0c 07 00 00 0f 01 ac ea 19 00 eb 36 9a 54 2f 00 00 00 74 ea 19 00 64 00 00 00 62
  00 52 01 58 52 f6 06 52 01 00 00 00 00 00 00 58 a8 0c 07 00 f3 0c 07 48 52 f6 06 00 00 0f 01 2f
packet 9:
  a0 00 00 00 f3 0c 07 00 00 0f 01 ac ea 19 00 eb 36 9a 54 2f 00 00 00 74 ea 19 00 64 00 00 00 62
  00 52 01 58 52 f6 06 52 01 00 00 00 00 00 00 58 a8 0c 07 00 f3 0c 07 48 52 f6 06 00 00 0f 01 2f
packet 10:
  a0 00 00 00 f3 0c 07 00 00 0f 01 ac ea 19 00 eb 36 9a 54 2f 00 00 00 74 ea 19 00 64 00 00 00 62
  00 52 01 58 52 f6 06 52 01 00 00 00 00 00 00 58 a8 0c 07 00 f3 0c 07 48 52 f6 06 00 00 0f 01 2f
packet 11:
  a0 00 00 00 f3 0c 07 00 00 0f 01 ac ea 19 00 eb 36 9a 54 2f 00 00 00 74 ea 19 00 64 00 00 00 62
  00 52 01 58 52 f6 06 52 01 00 00 00 00 00 00 58 a8 0c 07 00 f3 0c 07 48 52 f6 06 00 00 0f 01 2f
packet 12:
  a0 00 00 00 f3 0c 07 00 00 0f 01 ac ea 19 00 eb 36 9a 54 2f 00 00 00 74 ea 19 00 64 00 00 00 62
  00 52 01 58 52 f6 06 52 01 00 00 00 00 00 00 58 a8 0c 07 00 f3 0c 07 48 52 f6 06 00 00 0f 01 2f
packet 13:
  a0 00 00 00 f3 0c 07 00 00 0f 01 ac ea 19 00 eb 36 9a 54 2f 00 00 00 74 ea 19 00 64 00 00 00 62
  00 52 01 58 52 f6 06 52 01 00 00 00 00 00 00 58 a8 0c 07 00 f3 0c 07 48 52 f6 06 00 00 0f 01 2f
packet 14:
  a0 00 00 00 f3 0c 07 00 00 0f 01 ac ea 19 00 eb 36 9a 54 2f 00 00 00 74 ea 19 00 64 00 00 00 62
  00 52 01 58 52 f6 06 52 01 00 00 00 00 00 00 58 a8 0c 07 00 f3 0c 07 48 52 f6 06 00 00 0f 01 2f
packet 15:
  41 00 00 64 00 00 00 36 04 68 02 78 50 f6 06 68 02 00 00 00 00 00 00 08 50 00 07 40 b1 00 07 68
  50 f6 06 00 00 0f 01 13 00 00 00 38 ea 19 00 aa ec 37 77 00 00 00 00 9a 1c 3a a2 00 00 00 00 01
packet 16:
  42 00 00 00 00 00 00 00 00 00 00 00 00 00 00 00 00 00 00 00 00 00 00 c0 f2 fc ff ff ff ff ff 00
  00 00 00 bc e9 19 00 06 cf 06 a9 a4 ea 19 00 30 96 25 76 94 38 16 6d fe ff ff ff 24 ea 19 00 9f
packet 17:
  43 00 00 00 00 00 00 00 00 00 00 00 00 00 00 00 00 00 00 00 00 00 00 c0 f2 fc ff ff ff ff ff 00
  00 00 00 bc e9 19 00 06 cf 06 a9 a4 ea 19 00 30 96 25 76 94 38 16 6d fe ff ff ff 24 ea 19 00 9f
packet 18:
  41 01 00 1d 09 25 76 40 e9 3b 1b 28 08 00 00 00 00 00 00 20 d7 68 76 24 00 00 00 01 00 00 00 00
  00 00 00 00 00 00 00 00 00 00 00 00 00 00 00 00 00 00 00 00 00 00 00 00 00 00 00 c0 f2 fc ff ff
packet 19:
  40 00 00 7c 92 3b 77 09 23 3d 77 00 00 00 00 18 ea 19 00 00 00 00 00 00 00 00 00 18 ea 19 00 18
  ea 19 00 00 00 0f 01 3c ea 19 00 00 09 25 76 00 00 00 00 1d 09 25 76 68 e9 3b 1b a8 7b 69 04 00
packet 20:
  04 0a 02 30 00 00 00 3b 00 00 00 70 eb 19 00 f9 f6 37 77 00 00 00 00 d2 1d 3a a2 2f 00 00 00 30
  00 00 00 0f 00 00 00 48 eb 19 00 a0 eb 19 00 c8 eb 19 00 70 1b 3c 77 1a 2d 66 d5 fe ff ff ff 90
packet 21:
  40 00 00 98 6e 0d 07 00 00 0f 01 04 ec 19 00 9b 35 9a 54 2f 00 00 00 c4 eb 19 00 64 00 00 00 5d
  00 87 03 58 52 f6 06 87 03 00 00 00 00 00 00 58 a8 0c 07 98 6e 0d 07 48 52 f6 06 00 00 0f 01 2f
packet 22:
  04 0a 01 b8 eb 19 00 00 01 00 00 c4 eb 19 00 00 00 00 00 c5 eb 19 00 3e 00 00 00 c4 eb 19 00 42
  00 00 00 00 00 00 00 00 00 00 00 00 00 00 00 00 00 00 00 88 eb 19 00 0c 8c cf 70 32 78 d0 70 c4
packet 23:
  40 00 00 98 6e 0d 07 00 00 0f 01 04 ec 19 00 9b 35 9a 54 2f 00 00 00 c4 eb 19 00 64 00 00 00 5d
  00 87 03 58 52 f6 06 87 03 00 00 00 00 00 00 58 a8 0c 07 98 6e 0d 07 48 52 f6 06 00 00 0f 01 2f
packet 24:
  04 8a 00 b8 eb 19 00 80 00 00 00 c4 eb 19 00 00 00 00 00 c5 eb 19 00 3e 00 00 00 c4 eb 19 00 42
  00 00 00 00 00 00 00 00 00 00 00 00 00 00 00 00 00 00 00 88 eb 19 00 0c 8c cf 70 32 78 d0 70 c4
packet 25:
  40 00 00 30 73 0d 07 00 00 0f 01 04 ec 19 00 9b 35 9a 54 2f 00 00 00 c4 eb 19 00 64 00 00 00 5d
  00 9c 03 58 52 f6 06 9c 03 00 00 00 00 00 00 58 a8 0c 07 30 73 0d 07 48 52 f6 06 00 00 0f 01 2f
packet 26:
  04 4a 00 b8 eb 19 00 40 00 00 00 c4 eb 19 00 00 00 00 00 c5 eb 19 00 3e 00 00 00 c4 eb 19 00 42
  00 00 00 00 00 00 00 00 00 00 00 00 00 00 00 00 00 00 00 88 eb 19 00 0c 8c cf 70 32 78 d0 70 c4
packet 27:
  40 00 00 30 73 0d 07 00 00 0f 01 04 ec 19 00 9b 35 9a 54 2f 00 00 00 c4 eb 19 00 64 00 00 00 5d
  00 9c 03 58 52 f6 06 9c 03 00 00 00 00 00 00 58 a8 0c 07 30 73 0d 07 48 52 f6 06 00 00 0f 01 2f
packet 28:
  04 6a 00 b8 eb 19 00 20 00 00 00 c4 eb 19 00 00 00 00 00 c5 eb 19 00 3e 00 00 00 c4 eb 19 00 42
  00 00 00 00 00 00 00 00 00 00 00 00 00 00 00 00 00 00 00 88 eb 19 00 0c 8c cf 70 32 78 d0 70 c4
packet 29:
  40 00 00 30 73 0d 07 00 00 0f 01 04 ec 19 00 9b 35 9a 54 2f 00 00 00 c4 eb 19 00 64 00 00 00 5d
  00 9c 03 58 52 f6 06 9c 03 00 00 00 00 00 00 58 a8 0c 07 30 73 0d 07 48 52 f6 06 00 00 0f 01 2f
packet 30:
  04 7a 00 b8 eb 19 00 10 00 00 00 c4 eb 19 00 00 00 00 00 c5 eb 19 00 3e 00 00 00 c4 eb 19 00 42
  00 00 00 00 00 00 00 00 00 00 00 00 00 00 00 00 00 00 00 88 eb 19 00 0c 8c cf 70 32 78 d0 70 c4
packet 31:
  40 00 00 30 73 0d 07 00 00 0f 01 04 ec 19 00 9b 35 9a 54 2f 00 00 00 c4 eb 19 00 64 00 00 00 5d
  00 9c 03 58 52 f6 06 9c 03 00 00 00 00 00 00 58 a8 0c 07 30 73 0d 07 48 52 f6 06 00 00 0f 01 2f
packet 32:
  04 72 00 b8 eb 19 00 08 00 00 00 c4 eb 19 00 00 00 00 00 c5 eb 19 00 3e 00 00 00 c4 eb 19 00 42
  00 00 00 00 00 00 00 00 00 00 00 00 00 00 00 00 00 00 00 88 eb 19 00 0c 8c cf 70 32 78 d0 70 c4
packet 33:
  40 00 00 98 6e 0d 07 00 00 0f 01 04 ec 19 00 9b 35 9a 54 2f 00 00 00 c4 eb 19 00 64 00 00 00 5d
  00 87 03 58 52 f6 06 87 03 00 00 00 00 00 00 58 a8 0c 07 98 6e 0d 07 48 52 f6 06 00 00 0f 01 2f
packet 34:
  04 76 00 b8 eb 19 00 04 00 00 00 c4 eb 19 00 00 00 00 00 c5 eb 19 00 3e 00 00 00 c4 eb 19 00 42
  00 00 00 00 00 00 00 00 00 00 00 00 00 00 00 00 00 00 00 88 eb 19 00 0c 8c cf 70 32 78 d0 70 c4
packet 35:
  40 00 00 30 73 0d 07 00 00 0f 01 04 ec 19 00 9b 35 9a 54 2f 00 00 00 c4 eb 19 00 64 00 00 00 5d
  00 9c 03 58 52 f6 06 9c 03 00 00 00 00 00 00 58 a8 0c 07 30 73 0d 07 48 52 f6 06 00 00 0f 01 2f
packet 36:
  40 00 00 30 73 0d 07 00 00 0f 01 3c ec 19 00 5b 34 9a 54 2f 00 00 00 04 ec 19 00 64 00 00 00 5d
  00 9c 03 58 52 f6 06 9c 03 00 00 00 00 00 00 58 a8 0c 07 30 73 0d 07 48 52 f6 06 00 00 0f 01 2f
packet 37:
  40 00 00 98 6e 0d 07 00 00 0f 01 3c ec 19 00 5b 34 9a 54 2f 00 00 00 04 ec 19 00 64 00 00 00 5d
  00 87 03 58 52 f6 06 87 03 00 00 00 00 00 00 58 a8 0c 07 98 6e 0d 07 48 52 f6 06 00 00 0f 01 2f
packet 38:
  40 00 00 98 6e 0d 07 00 00 0f 01 3c ec 19 00 5b 34 9a 54 2f 00 00 00 04 ec 19 00 64 00 00 00 5d
  00 87 03 58 52 f6 06 87 03 00 00 00 00 00 00 58 a8 0c 07 98 6e 0d 07 48 52 f6 06 00 00 0f 01 2f
packet 39:
  40 00 00 30 73 0d 07 00 00 0f 01 3c ec 19 00 5b 34 9a 54 2f 00 00 00 04 ec 19 00 64 00 00 00 5d
  00 9c 03 58 52 f6 06 9c 03 00 00 00 00 00 00 58 a8 0c 07 30 73 0d 07 48 52 f6 06 00 00 0f 01 2f
packet 40:
  40 00 00 30 73 0d 07 00 00 0f 01 3c ec 19 00 5b 34 9a 54 2f 00 00 00 04 ec 19 00 64 00 00 00 5d
  00 9c 03 58 52 f6 06 9c 03 00 00 00 00 00 00 58 a8 0c 07 30 73 0d 07 48 52 f6 06 00 00 0f 01 2f
packet 41:
  40 00 00 48 6d 0d 07 00 00 0f 01 3c ec 19 00 5b 34 9a 54 2f 00 00 00 04 ec 19 00 64 00 00 00 5d
  00 81 03 58 52 f6 06 81 03 00 00 00 00 00 00 58 a8 0c 07 48 6d 0d 07 48 52 f6 06 00 00 0f 01 2f
packet 42:
  40 00 00 48 6d 0d 07 00 00 0f 01 3c ec 19 00 5b 34 9a 54 2f 00 00 00 04 ec 19 00 64 00 00 00 5d
  00 81 03 58 52 f6 06 81 03 00 00 00 00 00 00 58 a8 0c 07 48 6d 0d 07 48 52 f6 06 00 00 0f 01 2f
packet 43:
  40 00 00 a0 73 0d 07 00 00 0f 01 3c ec 19 00 5b 34 9a 54 2f 00 00 00 04 ec 19 00 64 00 00 00 5d
  00 9e 03 58 52 f6 06 9e 03 00 00 00 00 00 00 58 a8 0c 07 a0 73 0d 07 48 52 f6 06 00 00 0f 01 2f
packet 44:
  40 00 00 30 73 0d 07 00 00 0f 01 3c ec 19 00 5b 34 9a 54 2f 00 00 00 04 ec 19 00 64 00 00 00 5d
  00 9c 03 58 52 f6 06 9c 03 00 00 00 00 00 00 58 a8 0c 07 30 73 0d 07 48 52 f6 06 00 00 0f 01 2f
packet 45:
  40 00 00 30 73 0d 07 00 00 0f 01 3c ec 19 00 5b 34 9a 54 2f 00 00 00 04 ec 19 00 64 00 00 00 5d
  00 9c 03 58 52 f6 06 9c 03 00 00 00 00 00 00 58 a8 0c 07 30 73 0d 07 48 52 f6 06 00 00 0f 01 2f

=== RUN 5 ===
packet 0:
  41 00 00 64 00 00 00 df 03 d7 03 68 00 2d 07 d7 03 00 00 00 00 00 00 40 f0 1f 07 d8 8a 20 07 58
  00 2d 07 00 00 fb 00 13 00 00 00 38 ea 19 00 aa ec 37 77 00 00 00 00 e1 79 fd 48 60 2d 1e 07 00
packet 1:
  42 00 00 00 00 00 00 00 00 00 00 00 00 00 00 00 00 00 00 00 00 00 00 c0 f2 fc ff ff ff ff ff 00
  00 00 00 bc e9 19 00 07 f3 06 ee a4 ea 19 00 30 96 25 76 2a 49 34 d2 fe ff ff ff 24 ea 19 00 9f
packet 2:
  43 00 00 00 00 00 00 00 00 00 00 00 00 00 00 00 00 00 00 00 00 00 00 c0 f2 fc ff ff ff ff ff 00
  00 00 00 bc e9 19 00 07 f3 06 ee a4 ea 19 00 30 96 25 76 2a 49 34 d2 fe ff ff ff 24 ea 19 00 9f
packet 3:
  40 00 00 7c 92 3b 77 09 23 3d 77 00 00 00 00 18 ea 19 00 00 00 00 00 00 00 00 00 18 ea 19 00 18
  ea 19 00 00 00 fb 00 3c ea 19 00 00 09 25 76 00 00 00 00 1d 09 25 76 d6 98 19 a4 08 0c 09 01 00
packet 4:
  04 46 00 0c 11 0d e9 0b 76 0c b7 0c 48 0c 1b 0c f0 0b d7 08 0c 09 01 a0 56 ad b9 00 00 fb 00 14
  ea 19 00 30 ea 19 00 aa ec 37 77 00 00 00 00 e9 79 fd 48 08 0c 09 01 00 00 00 00 40 08 00 00 08
packet 5:
  a0 00 00 10 e9 1c 07 00 00 fb 00 ac ea 19 00 c8 56 ad b9 2f 00 00 00 74 ea 19 00 64 00 00 00 84
  00 db 00 b0 c1 0a 07 db 00 00 00 00 00 00 00 68 b8 1c 07 10 e9 1c 07 a0 c1 0a 07 00 00 fb 00 2f
packet 6:
  a0 00 00 10 e9 1c 07 00 00 fb 00 ac ea 19 00 c8 56 ad b9 2f 00 00 00 74 ea 19 00 64 00 00 00 84
  00 db 00 b0 c1 0a 07 db 00 00 00 00 00 00 00 68 b8 1c 07 10 e9 1c 07 a0 c1 0a 07 00 00 fb 00 2f
packet 7:
  a0 00 00 10 e9 1c 07 00 00 fb 00 ac ea 19 00 c8 56 ad b9 2f 00 00 00 74 ea 19 00 64 00 00 00 84
  00 db 00 b0 c1 0a 07 db 00 00 00 00 00 00 00 68 b8 1c 07 10 e9 1c 07 a0 c1 0a 07 00 00 fb 00 2f
packet 8:
  a0 00 00 10 e9 1c 07 00 00 fb 00 ac ea 19 00 c8 56 ad b9 2f 00 00 00 74 ea 19 00 64 00 00 00 84
  00 db 00 b0 c1 0a 07 db 00 00 00 00 00 00 00 68 b8 1c 07 10 e9 1c 07 a0 c1 0a 07 00 00 fb 00 2f
packet 9:
  a0 00 00 10 e9 1c 07 00 00 fb 00 ac ea 19 00 c8 56 ad b9 2f 00 00 00 74 ea 19 00 64 00 00 00 84
  00 db 00 b0 c1 0a 07 db 00 00 00 00 00 00 00 68 b8 1c 07 10 e9 1c 07 a0 c1 0a 07 00 00 fb 00 2f
packet 10:
  a0 00 00 10 e9 1c 07 00 00 fb 00 ac ea 19 00 c8 56 ad b9 2f 00 00 00 74 ea 19 00 64 00 00 00 84
  00 db 00 b0 c1 0a 07 db 00 00 00 00 00 00 00 68 b8 1c 07 10 e9 1c 07 a0 c1 0a 07 00 00 fb 00 2f
packet 11:
  a0 00 00 10 e9 1c 07 00 00 fb 00 ac ea 19 00 c8 56 ad b9 2f 00 00 00 74 ea 19 00 64 00 00 00 84
  00 db 00 b0 c1 0a 07 db 00 00 00 00 00 00 00 68 b8 1c 07 10 e9 1c 07 a0 c1 0a 07 00 00 fb 00 2f
packet 12:
  a0 00 00 10 e9 1c 07 00 00 fb 00 ac ea 19 00 c8 56 ad b9 2f 00 00 00 74 ea 19 00 64 00 00 00 84
  00 db 00 b0 c1 0a 07 db 00 00 00 00 00 00 00 68 b8 1c 07 10 e9 1c 07 a0 c1 0a 07 00 00 fb 00 2f
packet 13:
  a0 00 00 10 e9 1c 07 00 00 fb 00 ac ea 19 00 c8 56 ad b9 2f 00 00 00 74 ea 19 00 64 00 00 00 84
  00 db 00 b0 c1 0a 07 db 00 00 00 00 00 00 00 68 b8 1c 07 10 e9 1c 07 a0 c1 0a 07 00 00 fb 00 2f
packet 14:
  a0 00 00 10 e9 1c 07 00 00 fb 00 ac ea 19 00 c8 56 ad b9 2f 00 00 00 74 ea 19 00 64 00 00 00 84
  00 db 00 b0 c1 0a 07 db 00 00 00 00 00 00 00 68 b8 1c 07 10 e9 1c 07 a0 c1 0a 07 00 00 fb 00 2f
packet 15:
  41 00 00 64 00 00 00 df 03 d7 03 68 00 2d 07 d7 03 00 00 00 00 00 00 40 f0 1f 07 d8 8a 20 07 58
  00 2d 07 00 00 fb 00 13 00 00 00 38 ea 19 00 aa ec 37 77 00 00 00 00 e1 79 fd 48 00 00 00 00 01
packet 16:
  42 00 00 00 00 00 00 00 00 00 00 00 00 00 00 00 00 00 00 00 00 00 00 c0 f2 fc ff ff ff ff ff 00
  00 00 00 bc e9 19 00 06 da 06 be a4 ea 19 00 30 96 25 76 2a 49 34 d2 fe ff ff ff 24 ea 19 00 9f
packet 17:
  43 00 00 00 00 00 00 00 00 00 00 00 00 00 00 00 00 00 00 00 00 00 00 c0 f2 fc ff ff ff ff ff 00
  00 00 00 bc e9 19 00 06 da 06 be a4 ea 19 00 30 96 25 76 2a 49 34 d2 fe ff ff ff 24 ea 19 00 9f
packet 18:
  41 01 00 1d 09 25 76 fe 98 19 a4 40 08 00 00 00 00 00 00 20 d7 68 76 24 00 00 00 01 00 00 00 00
  00 00 00 00 00 00 00 00 00 00 00 00 00 00 00 00 00 00 00 00 00 00 00 00 00 00 00 c0 f2 fc ff ff
packet 19:
  40 00 00 7c 92 3b 77 09 23 3d 77 00 00 00 00 18 ea 19 00 00 00 00 00 00 00 00 00 18 ea 19 00 18
  ea 19 00 00 00 fb 00 3c ea 19 00 00 09 25 76 00 00 00 00 1d 09 25 76 d6 98 19 a4 08 0c 09 01 00
packet 20:
  04 0a 02 30 00 00 00 3b 00 00 00 70 eb 19 00 f9 f6 37 77 00 00 00 00 a9 78 fd 48 2f 00 00 00 30
  00 00 00 0f 00 00 00 48 eb 19 00 a0 eb 19 00 c8 eb 19 00 70 1b 3c 77 61 48 a1 3f fe ff ff ff 90
packet 21:
  40 00 00 c8 ec 1c 07 00 00 fb 00 04 ec 19 00 b8 55 ad b9 2f 00 00 00 c4 eb 19 00 64 00 00 00 7f
  00 ec 00 b0 c1 0a 07 ec 00 00 00 00 00 00 00 68 b8 1c 07 c8 ec 1c 07 a0 c1 0a 07 00 00 fb 00 2f
packet 22:
  04 0a 01 b8 eb 19 00 00 01 00 00 c4 eb 19 00 00 00 00 00 c5 eb 19 00 3e 00 00 00 c4 eb 19 00 42
  00 00 00 00 00 00 00 00 00 00 00 00 00 00 00 00 00 00 00 88 eb 19 00 0c 8c cf 70 32 78 d0 70 c4
packet 23:
  40 00 00 20 ec 1c 07 00 00 fb 00 04 ec 19 00 b8 55 ad b9 2f 00 00 00 c4 eb 19 00 64 00 00 00 7f
  00 e9 00 b0 c1 0a 07 e9 00 00 00 00 00 00 00 68 b8 1c 07 20 ec 1c 07 a0 c1 0a 07 00 00 fb 00 2f
packet 24:
  04 8a 00 b8 eb 19 00 80 00 00 00 c4 eb 19 00 00 00 00 00 c5 eb 19 00 3e 00 00 00 c4 eb 19 00 42
  00 00 00 00 00 00 00 00 00 00 00 00 00 00 00 00 00 00 00 88 eb 19 00 0c 8c cf 70 32 78 d0 70 c4
packet 25:
  40 00 00 78 eb 1c 07 00 00 fb 00 04 ec 19 00 b8 55 ad b9 2f 00 00 00 c4 eb 19 00 64 00 00 00 7f
  00 e6 00 b0 c1 0a 07 e6 00 00 00 00 00 00 00 68 b8 1c 07 78 eb 1c 07 a0 c1 0a 07 00 00 fb 00 2f
packet 26:
  04 4a 00 b8 eb 19 00 40 00 00 00 c4 eb 19 00 00 00 00 00 c5 eb 19 00 3e 00 00 00 c4 eb 19 00 42
  00 00 00 00 00 00 00 00 00 00 00 00 00 00 00 00 00 00 00 88 eb 19 00 0c 8c cf 70 32 78 d0 70 c4
packet 27:
  40 00 00 c8 ec 1c 07 00 00 fb 00 04 ec 19 00 b8 55 ad b9 2f 00 00 00 c4 eb 19 00 64 00 00 00 7f
  00 ec 00 b0 c1 0a 07 ec 00 00 00 00 00 00 00 68 b8 1c 07 c8 ec 1c 07 a0 c1 0a 07 00 00 fb 00 2f
packet 28:
  04 6a 00 b8 eb 19 00 20 00 00 00 c4 eb 19 00 00 00 00 00 c5 eb 19 00 3e 00 00 00 c4 eb 19 00 42
  00 00 00 00 00 00 00 00 00 00 00 00 00 00 00 00 00 00 00 88 eb 19 00 0c 8c cf 70 32 78 d0 70 c4
packet 29:
  40 00 00 18 ee 1c 07 00 00 fb 00 04 ec 19 00 b8 55 ad b9 2f 00 00 00 c4 eb 19 00 64 00 00 00 7f
  00 f2 00 b0 c1 0a 07 f2 00 00 00 00 00 00 00 68 b8 1c 07 18 ee 1c 07 a0 c1 0a 07 00 00 fb 00 2f
packet 30:
  04 7a 00 b8 eb 19 00 10 00 00 00 c4 eb 19 00 00 00 00 00 c5 eb 19 00 3e 00 00 00 c4 eb 19 00 42
  00 00 00 00 00 00 00 00 00 00 00 00 00 00 00 00 00 00 00 88 eb 19 00 0c 8c cf 70 32 78 d0 70 c4
packet 31:
  40 00 00 98 ea 1c 07 00 00 fb 00 04 ec 19 00 b8 55 ad b9 2f 00 00 00 c4 eb 19 00 64 00 00 00 7f
  00 e2 00 b0 c1 0a 07 e2 00 00 00 00 00 00 00 68 b8 1c 07 98 ea 1c 07 a0 c1 0a 07 00 00 fb 00 2f
packet 32:
  40 00 00 c8 ec 1c 07 00 00 fb 00 3c ec 19 00 78 54 ad b9 2f 00 00 00 04 ec 19 00 64 00 00 00 7f
  00 ec 00 b0 c1 0a 07 ec 00 00 00 00 00 00 00 68 b8 1c 07 c8 ec 1c 07 a0 c1 0a 07 00 00 fb 00 2f
packet 33:
  40 00 00 80 f0 1c 07 00 00 fb 00 3c ec 19 00 78 54 ad b9 2f 00 00 00 04 ec 19 00 64 00 00 00 7f
  00 fd 00 b0 c1 0a 07 fd 00 00 00 00 00 00 00 68 b8 1c 07 80 f0 1c 07 a0 c1 0a 07 00 00 fb 00 2f
packet 34:
  40 00 00 18 ee 1c 07 00 00 fb 00 3c ec 19 00 78 54 ad b9 2f 00 00 00 04 ec 19 00 64 00 00 00 7f
  00 f2 00 b0 c1 0a 07 f2 00 00 00 00 00 00 00 68 b8 1c 07 18 ee 1c 07 a0 c1 0a 07 00 00 fb 00 2f
packet 35:
  40 00 00 c8 ec 1c 07 00 00 fb 00 3c ec 19 00 78 54 ad b9 2f 00 00 00 04 ec 19 00 64 00 00 00 7f
  00 ec 00 b0 c1 0a 07 ec 00 00 00 00 00 00 00 68 b8 1c 07 c8 ec 1c 07 a0 c1 0a 07 00 00 fb 00 2f
packet 36:
  40 00 00 c8 ec 1c 07 00 00 fb 00 3c ec 19 00 78 54 ad b9 2f 00 00 00 04 ec 19 00 64 00 00 00 7f
  00 ec 00 b0 c1 0a 07 ec 00 00 00 00 00 00 00 68 b8 1c 07 c8 ec 1c 07 a0 c1 0a 07 00 00 fb 00 2f
packet 37:
  40 00 00 c8 ec 1c 07 00 00 fb 00 3c ec 19 00 78 54 ad b9 2f 00 00 00 04 ec 19 00 64 00 00 00 7f
  00 ec 00 b0 c1 0a 07 ec 00 00 00 00 00 00 00 68 b8 1c 07 c8 ec 1c 07 a0 c1 0a 07 00 00 fb 00 2f
packet 38:
  40 00 00 18 ee 1c 07 00 00 fb 00 3c ec 19 00 78 54 ad b9 2f 00 00 00 04 ec 19 00 64 00 00 00 7f
  00 f2 00 b0 c1 0a 07 f2 00 00 00 00 00 00 00 68 b8 1c 07 18 ee 1c 07 a0 c1 0a 07 00 00 fb 00 2f
packet 39:
  40 00 00 c8 ec 1c 07 00 00 fb 00 3c ec 19 00 78 54 ad b9 2f 00 00 00 04 ec 19 00 64 00 00 00 7f
  00 ec 00 b0 c1 0a 07 ec 00 00 00 00 00 00 00 68 b8 1c 07 c8 ec 1c 07 a0 c1 0a 07 00 00 fb 00 2f
packet 40:
  40 00 00 20 ec 1c 07 00 00 fb 00 3c ec 19 00 78 54 ad b9 2f 00 00 00 04 ec 19 00 64 00 00 00 7f
  00 e9 00 b0 c1 0a 07 e9 00 00 00 00 00 00 00 68 b8 1c 07 20 ec 1c 07 a0 c1 0a 07 00 00 fb 00 2f
packet 41:
  40 00 00 f8 ee 1c 07 00 00 fb 00 3c ec 19 00 78 54 ad b9 2f 00 00 00 04 ec 19 00 64 00 00 00 7f
  00 f6 00 b0 c1 0a 07 f6 00 00 00 00 00 00 00 68 b8 1c 07 f8 ee 1c 07 a0 c1 0a 07 00 00 fb 00 2f
