=== RUN 1 ===
packet 0:
  41 00 00 64 00 00 00 55 03 71 05 e0 56 17 01 71 05 00 00 00 00 00 00 38 74 68 04 d8 4e 69 04 d0
  56 17 01 00 00 11 01 13 00 00 00 e8 e8 19 00 aa ec f5 76 00 00 00 00 0c 13 f4 72 50 57 75 04 03
packet 1:
  42 00 00 00 00 00 00 00 00 00 00 00 00 00 00 00 00 00 00 00 00 00 00 c0 f2 fc ff ff ff ff ff 00
  00 00 00 6c e8 19 00 0e 92 0e df 54 e9 19 00 30 96 d4 74 c2 84 e5 52 fe ff ff ff d4 e8 19 00 9f
packet 2:
  43 00 00 00 00 00 00 00 00 00 00 00 00 00 00 00 00 00 00 00 00 00 00 c0 f2 fc ff ff ff ff ff 00
  00 00 00 6c e8 19 00 0e 92 0e df 54 e9 19 00 30 96 d4 74 c2 84 e5 52 fe ff ff ff d4 e8 19 00 9f
packet 3:
  43 01 00 1d 09 d4 74 c6 57 1f 26 28 08 00 00 00 00 00 00 20 d7 c9 76 24 00 00 00 01 00 00 00 00
  00 00 00 00 00 00 00 00 00 00 00 00 00 00 00 00 00 00 00 00 00 00 00 00 00 00 00 c0 f2 fc ff ff
packet 4:
  40 00 00 7c 92 f9 76 09 23 fb 76 00 00 00 00 c8 e8 19 00 00 00 00 00 00 00 00 00 c8 e8 19 00 c8
  e8 19 00 00 00 11 01 ec e8 19 00 00 09 d4 74 00 00 00 00 1d 09 d4 74 ee 57 1f 26 d0 1e f7 06 00
packet 5:
  04 1e 00 00 00 00 00 20 00 00 00 02 00 00 00 00 00 00 00 20 00 00 00 00 00 00 00 80 e8 19 00 f9
  f6 f5 76 00 00 00 00 64 13 f4 72 1f 00 00 00 20 00 00 00 0f 00 00 00 58 e8 19 00 00 00 11 01 d8

=== RUN 2 ===
packet 0:
  41 00 00 64 00 00 00 55 03 70 05 e0 56 17 01 70 05 00 00 00 00 00 00 38 74 68 04 b0 4e 69 04 d0
  56 17 01 00 00 11 01 13 00 00 00 e8 e8 19 00 aa ec f5 76 00 00 00 00 0c 13 f4 72 20 ea ff 06 03
packet 1:
  42 00 00 00 00 00 00 00 00 00 00 00 00 00 00 00 00 00 00 00 00 00 00 c0 f2 fc ff ff ff ff ff 00
  00 00 00 6c e8 19 00 0e fd 0d 57 54 e9 19 00 30 96 d4 74 c2 84 e5 52 fe ff ff ff d4 e8 19 00 9f
packet 2:
  43 00 00 00 00 00 00 00 00 00 00 00 00 00 00 00 00 00 00 00 00 00 00 c0 f2 fc ff ff ff ff ff 00
  00 00 00 6c e8 19 00 0e fd 0d 57 54 e9 19 00 30 96 d4 74 c2 84 e5 52 fe ff ff ff d4 e8 19 00 9f
packet 3:
  43 01 00 1d 09 d4 74 c6 57 1f 26 28 08 00 00 00 00 00 00 20 d7 c9 76 24 00 00 00 01 00 00 00 00
  00 00 00 00 00 00 00 00 00 00 00 00 00 00 00 00 00 00 00 00 00 00 00 00 00 00 00 c0 f2 fc ff ff
packet 4:
  40 00 00 7c 92 f9 76 09 23 fb 76 00 00 00 00 c8 e8 19 00 00 00 00 00 00 00 00 00 c8 e8 19 00 c8
  e8 19 00 00 00 11 01 ec e8 19 00 00 09 d4 74 00 00 00 00 1d 09 d4 74 ee 57 1f 26 d0 1e f7 06 00
packet 5:
  04 1e 00 00 00 00 00 20 00 00 00 02 00 00 00 00 00 00 00 20 00 00 00 00 00 00 00 80 e8 19 00 f9
  f6 f5 76 00 00 00 00 64 13 f4 72 1f 00 00 00 20 00 00 00 0f 00 00 00 58 e8 19 00 00 00 11 01 d8

=== RUN 3 ===
packet 0:
  41 00 00 64 00 00 00 54 03 6b 05 e0 56 17 01 6b 05 00 00 00 00 00 00 38 74 68 04 e8 4d 69 04 d0
  56 17 01 00 00 11 01 13 00 00 00 e8 e8 19 00 aa ec f5 76 00 00 00 00 0c 13 f4 72 b0 d2 ff 06 03
packet 1:
  42 00 00 00 00 00 00 00 00 00 00 00 00 00 00 00 00 00 00 00 00 00 00 c0 f2 fc ff ff ff ff ff 00
  00 00 00 6c e8 19 00 0e 7b 0e 48 54 e9 19 00 30 96 d4 74 c2 84 e5 52 fe ff ff ff d4 e8 19 00 9f
packet 2:
  43 00 00 00 00 00 00 00 00 00 00 00 00 00 00 00 00 00 00 00 00 00 00 c0 f2 fc ff ff ff ff ff 00
  00 00 00 6c e8 19 00 0e 7b 0e 48 54 e9 19 00 30 96 d4 74 c2 84 e5 52 fe ff ff ff d4 e8 19 00 9f
packet 3:
  43 01 00 1d 09 d4 74 c6 57 1f 26 28 08 00 00 00 00 00 00 20 d7 c9 76 24 00 00 00 01 00 00 00 00
  00 00 00 00 00 00 00 00 00 00 00 00 00 00 00 00 00 00 00 00 00 00 00 00 00 00 00 c0 f2 fc ff ff
packet 4:
  40 00 00 7c 92 f9 76 09 23 fb 76 00 00 00 00 c8 e8 19 00 00 00 00 00 00 00 00 00 c8 e8 19 00 c8
  e8 19 00 00 00 11 01 ec e8 19 00 00 09 d4 74 00 00 00 00 1d 09 d4 74 ee 57 1f 26 80 34 e7 06 00
packet 5:
  04 1e 00 00 00 00 00 20 00 00 00 02 00 00 00 00 00 00 00 20 00 00 00 00 00 00 00 80 e8 19 00 f9
  f6 f5 76 00 00 00 00 64 13 f4 72 1f 00 00 00 20 00 00 00 0f 00 00 00 58 e8 19 00 00 00 11 01 d8

=== RUN 4 ===
packet 0:
  41 00 00 64 00 00 00 14 00 04 00 b8 6f 70 04 04 00 00 00 00 00 00 00 50 f0 62 04 18 f1 62 04 a8
  6f 70 04 00 00 11 01 13 00 00 00 e8 e8 19 00 aa ec f5 76 00 00 00 00 0c 13 f4 72 c8 ce ff 06 03
packet 1:
  42 00 00 00 00 00 00 00 00 00 00 00 00 00 00 00 00 00 00 00 00 00 00 c0 f2 fc ff ff ff ff ff 00
  00 00 00 6c e8 19 00 0d 5e 0e db 54 e9 19 00 30 96 d4 74 c2 84 e5 52 fe ff ff ff d4 e8 19 00 9f
packet 2:
  43 00 00 00 00 00 00 00 00 00 00 00 00 00 00 00 00 00 00 00 00 00 00 c0 f2 fc ff ff ff ff ff 00
  00 00 00 6c e8 19 00 0d 5e 0e db 54 e9 19 00 30 96 d4 74 c2 84 e5 52 fe ff ff ff d4 e8 19 00 9f
packet 3:
  43 01 00 1d 09 d4 74 c6 57 1f 26 28 08 00 00 00 00 00 00 20 d7 c9 76 24 00 00 00 01 00 00 00 00
  00 00 00 00 00 00 00 00 00 00 00 00 00 00 00 00 00 00 00 00 00 00 00 00 00 00 00 c0 f2 fc ff ff
packet 4:
  40 00 00 7c 92 f9 76 09 23 fb 76 00 00 00 00 c8 e8 19 00 00 00 00 00 00 00 00 00 c8 e8 19 00 c8
  e8 19 00 00 00 11 01 ec e8 19 00 00 09 d4 74 00 00 00 00 1d 09 d4 74 ee 57 1f 26 80 1b 63 04 00
packet 5:
  04 1e 00 00 00 00 00 20 00 00 00 02 00 00 00 00 00 00 00 20 00 00 00 00 00 00 00 80 e8 19 00 f9
  f6 f5 76 00 00 00 00 64 13 f4 72 1f 00 00 00 20 00 00 00 0f 00 00 00 58 e8 19 00 00 00 11 01 d8

=== RUN 5 ===
packet 0:
  41 00 00 64 00 00 00 14 00 0a 00 30 70 70 04 0a 00 00 00 00 00 00 00 50 f0 62 04 08 f2 62 04 20
  70 70 04 00 00 11 01 13 00 00 00 e8 e8 19 00 aa ec f5 76 00 00 00 00 0c 13 f4 72 c8 ce ff 06 03
packet 1:
  42 00 00 00 00 00 00 00 00 00 00 00 00 00 00 00 00 00 00 00 00 00 00 c0 f2 fc ff ff ff ff ff 00
  00 00 00 6c e8 19 00 0d c9 0d b5 54 e9 19 00 30 96 d4 74 c2 84 e5 52 fe ff ff ff d4 e8 19 00 9f
packet 2:
  43 00 00 00 00 00 00 00 00 00 00 00 00 00 00 00 00 00 00 00 00 00 00 c0 f2 fc ff ff ff ff ff 00
  00 00 00 6c e8 19 00 0d c9 0d b5 54 e9 19 00 30 96 d4 74 c2 84 e5 52 fe ff ff ff d4 e8 19 00 9f
packet 3:
  43 01 00 1d 09 d4 74 c6 57 1f 26 28 08 00 00 00 00 00 00 20 d7 c9 76 24 00 00 00 01 00 00 00 00
  00 00 00 00 00 00 00 00 00 00 00 00 00 00 00 00 00 00 00 00 00 00 00 00 00 00 00 c0 f2 fc ff ff
packet 4:
  40 00 00 7c 92 f9 76 09 23 fb 76 00 00 00 00 c8 e8 19 00 00 00 00 00 00 00 00 00 c8 e8 19 00 c8
  e8 19 00 00 00 11 01 ec e8 19 00 00 09 d4 74 00 00 00 00 1d 09 d4 74 ee 57 1f 26 80 1b 63 04 00
packet 5:
  04 1e 00 00 00 00 00 20 00 00 00 02 00 00 00 00 00 00 00 20 00 00 00 00 00 00 00 80 e8 19 00 f9
  f6 f5 76 00 00 00 00 64 13 f4 72 1f 00 00 00 20 00 00 00 0f 00 00 00 58 e8 19 00 00 00 11 01 d8
