=== RUN 1 ===
packet 0:
  00 00 00 fc 00 00 00 07 00 00 00 d1 81 31 2f 78 db 19 00 60 b0 08 71 00 00 00 00 a0 b2 08 71 00
  00 00 00 ec da 19 00 70 e2 19 00 80 46 01 71 00 00 00 00 2c db 19 00 ae 35 eb 70 07 00 00 00 04
packet 1:
  00 00 00 a8 da 19 00 f9 f6 49 77 00 00 00 00 0c 98 ea 9b 1f 00 00 00 20 00 00 00 0f 00 00 00 80
  da 19 00 c7 4d b1 76 00 db 19 00 70 1b 4e 77 9e 20 4f 77 40 8b 27 07 00 00 fb 00 00 00 00 00 00
packet 2:
  01 00 00 85 10 ec 70 00 00 00 00 00 00 00 00 41 00 00 00 00 00 00 00 00 00 00 00 38 08 00 00 41
  00 00 00 41 00 00 00 00 00 00 00 a8 da 19 00 f9 f6 49 77 00 00 00 00 0c 98 ea 9b 1f 00 00 00 20
packet 3:
  02 00 00 f8 47 fb 00 b7 0b 4f 77 00 00 00 00 00 00 fb 00 50 36 fe 06 c1 01 00 00 08 0e 00 00 00
  00 00 00 02 00 00 00 03 00 00 00 00 00 00 00 00 0e 00 00 00 00 ae 22 54 d9 19 00 f9 f6 49 77 00
packet 4:
  04 1e 00 00 00 00 00 20 00 00 00 02 00 00 00 00 00 00 00 20 00 00 00 64 00 00 00 d0 df 19 00 f9
  f6 49 77 00 00 00 00 74 9d ea 9b 1f 00 00 00 20 00 00 00 0f 00 00 00 a8 df 19 00 00 00 fb 00 28
packet 5:
  04 32 00 00 00 00 00 a8 75 71 04 2c df 19 00 c4 5f eb 70 a8 75 71 04 e9 85 31 2f 78 b2 08 71 f7
  08 00 00 4d 60 eb 70 00 00 00 00 bf 02 00 00 03 00 03 00 40 f7 6c 04 03 00 00 00 00 00 00 00 a0
packet 6:
  40 00 00 f8 98 26 07 00 00 fb 00 74 df 19 00 99 84 31 2f 2f 00 00 00 34 df 19 00 64 00 00 00 96
  00 01 01 68 17 f5 06 01 01 00 00 00 00 00 00 08 60 26 07 f8 98 26 07 58 17 f5 06 00 00 fb 00 2f
packet 7:
  40 00 00 08 9c 26 07 00 00 fb 00 e4 de 19 00 09 87 31 2f 2f 00 00 00 a4 de 19 00 64 00 00 00 96
  00 0f 01 68 17 f5 06 0f 01 00 00 00 00 00 00 08 60 26 07 08 9c 26 07 58 17 f5 06 00 00 fb 00 2f
packet 8:
  40 00 00 80 9a 26 07 00 00 fb 00 e4 de 19 00 09 87 31 2f 2f 00 00 00 a4 de 19 00 64 00 00 00 96
  00 08 01 68 17 f5 06 08 01 00 00 00 00 00 00 08 60 26 07 80 9a 26 07 58 17 f5 06 00 00 fb 00 2f
packet 9:
  40 00 00 78 9c 26 07 00 00 fb 00 e4 de 19 00 09 87 31 2f 2f 00 00 00 a4 de 19 00 64 00 00 00 96
  00 11 01 68 17 f5 06 11 01 00 00 00 00 00 00 08 60 26 07 78 9c 26 07 58 17 f5 06 00 00 fb 00 2f
packet 10:
  40 00 00 28 9b 26 07 00 00 fb 00 e4 de 19 00 09 87 31 2f 2f 00 00 00 a4 de 19 00 64 00 00 00 96
  00 0b 01 68 17 f5 06 0b 01 00 00 00 00 00 00 08 60 26 07 28 9b 26 07 58 17 f5 06 00 00 fb 00 2f
packet 11:
  40 00 00 e0 9e 26 07 00 00 fb 00 e4 de 19 00 09 87 31 2f 2f 00 00 00 a4 de 19 00 64 00 00 00 96
  00 1c 01 68 17 f5 06 1c 01 00 00 00 00 00 00 08 60 26 07 e0 9e 26 07 58 17 f5 06 00 00 fb 00 2f
packet 12:
  40 00 00 b8 9a 26 07 00 00 fb 00 e4 de 19 00 09 87 31 2f 2f 00 00 00 a4 de 19 00 64 00 00 00 96
  00 09 01 68 17 f5 06 09 01 00 00 00 00 00 00 08 60 26 07 b8 9a 26 07 58 17 f5 06 00 00 fb 00 2f
packet 13:
  40 00 00 d8 99 26 07 00 00 fb 00 e4 de 19 00 09 87 31 2f 2f 00 00 00 a4 de 19 00 64 00 00 00 96
  00 05 01 68 17 f5 06 05 01 00 00 00 00 00 00 08 60 26 07 d8 99 26 07 58 17 f5 06 00 00 fb 00 2f
packet 14:
  40 00 00 48 9a 26 07 00 00 fb 00 e4 de 19 00 09 87 31 2f 2f 00 00 00 a4 de 19 00 64 00 00 00 96
  00 07 01 68 17 f5 06 07 01 00 00 00 00 00 00 08 60 26 07 48 9a 26 07 58 17 f5 06 00 00 fb 00 2f
packet 15:
  40 00 00 c0 98 26 07 00 00 fb 00 e4 de 19 00 09 87 31 2f 2f 00 00 00 a4 de 19 00 64 00 00 00 96
  00 00 01 68 17 f5 06 00 01 00 00 00 00 00 00 08 60 26 07 c0 98 26 07 58 17 f5 06 00 00 fb 00 2f
packet 16:
  40 00 00 48 9a 26 07 00 00 fb 00 e4 de 19 00 09 87 31 2f 2f 00 00 00 a4 de 19 00 64 00 00 00 96
  00 07 01 68 17 f5 06 07 01 00 00 00 00 00 00 08 60 26 07 48 9a 26 07 58 17 f5 06 00 00 fb 00 2f
packet 17:
  04 0f 00 00 00 00 00 a8 75 71 04 9c de 19 00 c4 5f eb 70 a8 75 71 04 59 84 31 2f 78 b2 08 71 f7
  08 00 00 4d 60 eb 70 00 00 00 00 bf 02 00 00 03 00 03 00 40 f7 6c 04 03 00 00 00 00 00 00 00 a0
packet 18:
  40 00 00 c0 98 26 07 00 00 fb 00 e4 de 19 00 09 87 31 2f 2f 00 00 00 a4 de 19 00 64 00 00 00 94
  00 00 01 68 17 f5 06 00 01 00 00 00 00 00 00 08 60 26 07 c0 98 26 07 58 17 f5 06 00 00 fb 00 2f
packet 19:
  40 00 00 78 9c 26 07 00 00 fb 00 e4 de 19 00 09 87 31 2f 2f 00 00 00 a4 de 19 00 64 00 00 00 94
  00 11 01 68 17 f5 06 11 01 00 00 00 00 00 00 08 60 26 07 78 9c 26 07 58 17 f5 06 00 00 fb 00 2f
packet 20:
  40 00 00 28 9b 26 07 00 00 fb 00 e4 de 19 00 09 87 31 2f 2f 00 00 00 a4 de 19 00 64 00 00 00 94
  00 0b 01 68 17 f5 06 0b 01 00 00 00 00 00 00 08 60 26 07 28 9b 26 07 58 17 f5 06 00 00 fb 00 2f
packet 21:
  40 00 00 d8 99 26 07 00 00 fb 00 e4 de 19 00 09 87 31 2f 2f 00 00 00 a4 de 19 00 64 00 00 00 94
  00 05 01 68 17 f5 06 05 01 00 00 00 00 00 00 08 60 26 07 d8 99 26 07 58 17 f5 06 00 00 fb 00 2f
packet 22:
  40 00 00 78 9c 26 07 00 00 fb 00 e4 de 19 00 09 87 31 2f 2f 00 00 00 a4 de 19 00 64 00 00 00 94
  00 11 01 68 17 f5 06 11 01 00 00 00 00 00 00 08 60 26 07 78 9c 26 07 58 17 f5 06 00 00 fb 00 2f
packet 23:
  40 00 00 80 9a 26 07 00 00 fb 00 e4 de 19 00 09 87 31 2f 2f 00 00 00 a4 de 19 00 64 00 00 00 94
  00 08 01 68 17 f5 06 08 01 00 00 00 00 00 00 08 60 26 07 80 9a 26 07 58 17 f5 06 00 00 fb 00 2f
packet 24:
  40 00 00 38 9e 26 07 00 00 fb 00 e4 de 19 00 09 87 31 2f 2f 00 00 00 a4 de 19 00 64 00 00 00 94
  00 19 01 68 17 f5 06 19 01 00 00 00 00 00 00 08 60 26 07 38 9e 26 07 58 17 f5 06 00 00 fb 00 2f
packet 25:
  40 00 00 80 9a 26 07 00 00 fb 00 e4 de 19 00 09 87 31 2f 2f 00 00 00 a4 de 19 00 64 00 00 00 94
  00 08 01 68 17 f5 06 08 01 00 00 00 00 00 00 08 60 26 07 80 9a 26 07 58 17 f5 06 00 00 fb 00 2f
packet 26:
  40 00 00 e0 9e 26 07 00 00 fb 00 e4 de 19 00 09 87 31 2f 2f 00 00 00 a4 de 19 00 64 00 00 00 94
  00 1c 01 68 17 f5 06 1c 01 00 00 00 00 00 00 08 60 26 07 e0 9e 26 07 58 17 f5 06 00 00 fb 00 2f
packet 27:
  40 00 00 80 9a 26 07 00 00 fb 00 e4 de 19 00 09 87 31 2f 2f 00 00 00 a4 de 19 00 64 00 00 00 94
  00 08 01 68 17 f5 06 08 01 00 00 00 00 00 00 08 60 26 07 80 9a 26 07 58 17 f5 06 00 00 fb 00 2f
packet 28:
  41 00 00 64 00 00 00 54 06 99 00 f8 20 f1 06 99 00 00 00 00 00 00 00 98 02 02 07 80 1b 02 07 e8
  20 f1 06 00 00 fb 00 13 00 00 00 28 ea 19 00 aa ec 49 77 00 00 00 00 8c a8 ea 9b 30 69 fe 06 01
packet 29:
  42 00 00 00 00 00 00 00 00 00 00 00 00 00 00 00 00 00 00 00 00 00 00 c0 f2 fc ff ff ff ff ff 00
  00 00 00 ac e9 19 00 02 19 02 cb 94 ea 19 00 e0 9b b3 76 27 ca 69 27 fe ff ff ff 14 ea 19 00 4f
packet 30:
  43 00 00 00 00 00 00 00 00 00 00 00 00 00 00 00 00 00 00 00 00 00 00 c0 f2 fc ff ff ff ff ff 00
  00 00 00 ac e9 19 00 02 19 02 cb 94 ea 19 00 e0 9b b3 76 27 ca 69 27 fe ff ff ff 14 ea 19 00 4f
packet 31:
  41 01 00 cd 0e b3 76 53 1d b2 51 30 08 00 00 00 00 00 00 20 d7 0c 77 24 00 00 00 01 00 00 00 00
  00 00 00 00 00 00 00 00 00 00 00 00 00 00 00 00 00 00 00 00 00 00 00 00 00 00 00 c0 f2 fc ff ff
packet 32:
  40 00 00 7c 92 4d 77 09 23 4f 77 00 00 00 00 08 ea 19 00 00 00 00 00 00 00 00 00 08 ea 19 00 08
  ea 19 00 00 00 fb 00 2c ea 19 00 b0 0e b3 76 00 00 00 00 cd 0e b3 76 7b 1d b2 51 90 ce 01 07 00

=== RUN 2 ===
packet 0:
  00 00 00 fc 00 00 00 07 00 00 00 55 bc 71 34 78 db 19 00 60 b0 08 71 00 00 00 00 a0 b2 08 71 00
  00 00 00 ec da 19 00 70 e2 19 00 80 46 01 71 00 00 00 00 2c db 19 00 ae 35 eb 70 07 00 00 00 04
packet 1:
  00 00 00 a8 da 19 00 f9 f6 49 77 00 00 00 00 be 8c fa a9 1f 00 00 00 20 00 00 00 0f 00 00 00 80
  da 19 00 c7 4d b1 76 00 db 19 00 70 1b 4e 77 9e 20 4f 77 d8 ea 1a 07 00 00 0c 01 00 00 00 00 00
packet 2:
  01 00 00 85 10 ec 70 00 00 00 00 00 00 00 00 41 00 00 00 00 00 00 00 00 00 00 00 2c 08 00 00 41
  00 00 00 41 00 00 00 00 00 00 00 a8 da 19 00 f9 f6 49 77 00 00 00 00 be 8c fa a9 1f 00 00 00 20
packet 3:
  02 00 00 f8 47 0c 01 b7 0b 4f 77 00 00 00 00 00 00 0c 01 b8 ef fb 06 c1 01 00 00 08 0e 00 00 00
  00 00 00 02 00 00 00 03 00 00 00 00 00 00 00 00 0e 00 00 00 00 08 20 54 d9 19 00 f9 f6 49 77 00
packet 4:
  04 1e 00 00 00 00 00 20 00 00 00 02 00 00 00 00 00 00 00 20 00 00 00 64 00 00 00 d0 df 19 00 f9
  f6 49 77 00 00 00 00 c6 89 fa a9 1f 00 00 00 20 00 00 00 0f 00 00 00 a8 df 19 00 00 00 0c 01 28
packet 5:
  04 32 00 00 00 00 00 28 f0 1a 07 2c df 19 00 c4 5f eb 70 28 f0 1a 07 6d b8 71 34 78 b2 08 71 f7
  08 00 00 4d 60 eb 70 00 00 00 00 bf 02 00 00 99 03 f6 03 40 ed f0 06 f6 03 00 00 00 00 00 00 18
packet 6:
  40 00 00 20 31 2b 07 00 00 0c 01 74 df 19 00 1d b9 71 34 2f 00 00 00 34 df 19 00 64 00 00 00 96
  00 94 00 50 33 9e 04 94 00 00 00 00 00 00 00 08 10 2b 07 20 31 2b 07 40 33 9e 04 00 00 0c 01 2f
packet 7:
  40 00 00 20 31 2b 07 00 00 0c 01 e4 de 19 00 8d ba 71 34 2f 00 00 00 a4 de 19 00 64 00 00 00 96
  00 94 00 50 33 9e 04 94 00 00 00 00 00 00 00 08 10 2b 07 20 31 2b 07 40 33 9e 04 00 00 0c 01 2f
packet 8:
  40 00 00 50 33 2b 07 00 00 0c 01 e4 de 19 00 8d ba 71 34 2f 00 00 00 a4 de 19 00 64 00 00 00 96
  00 9e 00 50 33 9e 04 9e 00 00 00 00 00 00 00 08 10 2b 07 50 33 2b 07 40 33 9e 04 00 00 0c 01 2f
packet 9:
  40 00 00 18 33 2b 07 00 00 0c 01 e4 de 19 00 8d ba 71 34 2f 00 00 00 a4 de 19 00 64 00 00 00 96
  00 9d 00 50 33 9e 04 9d 00 00 00 00 00 00 00 08 10 2b 07 18 33 2b 07 40 33 9e 04 00 00 0c 01 2f
packet 10:
  40 00 00 18 33 2b 07 00 00 0c 01 e4 de 19 00 8d ba 71 34 2f 00 00 00 a4 de 19 00 64 00 00 00 96
  00 9d 00 50 33 9e 04 9d 00 00 00 00 00 00 00 08 10 2b 07 18 33 2b 07 40 33 9e 04 00 00 0c 01 2f
packet 11:
  40 00 00 78 30 2b 07 00 00 0c 01 e4 de 19 00 8d ba 71 34 2f 00 00 00 a4 de 19 00 64 00 00 00 96
  00 91 00 50 33 9e 04 91 00 00 00 00 00 00 00 08 10 2b 07 78 30 2b 07 40 33 9e 04 00 00 0c 01 2f
packet 12:
  40 00 00 08 30 2b 07 00 00 0c 01 e4 de 19 00 8d ba 71 34 2f 00 00 00 a4 de 19 00 64 00 00 00 96
  00 8f 00 50 33 9e 04 8f 00 00 00 00 00 00 00 08 10 2b 07 08 30 2b 07 40 33 9e 04 00 00 0c 01 2f
packet 13:
  40 00 00 a8 32 2b 07 00 00 0c 01 e4 de 19 00 8d ba 71 34 2f 00 00 00 a4 de 19 00 64 00 00 00 96
  00 9b 00 50 33 9e 04 9b 00 00 00 00 00 00 00 08 10 2b 07 a8 32 2b 07 40 33 9e 04 00 00 0c 01 2f
packet 14:
  40 00 00 60 2f 2b 07 00 00 0c 01 e4 de 19 00 8d ba 71 34 2f 00 00 00 a4 de 19 00 64 00 00 00 96
  00 8c 00 50 33 9e 04 8c 00 00 00 00 00 00 00 08 10 2b 07 60 2f 2b 07 40 33 9e 04 00 00 0c 01 2f
packet 15:
  40 00 00 20 31 2b 07 00 00 0c 01 e4 de 19 00 8d ba 71 34 2f 00 00 00 a4 de 19 00 64 00 00 00 96
  00 94 00 50 33 9e 04 94 00 00 00 00 00 00 00 08 10 2b 07 20 31 2b 07 40 33 9e 04 00 00 0c 01 2f
packet 16:
  40 00 00 98 2f 2b 07 00 00 0c 01 e4 de 19 00 8d ba 71 34 2f 00 00 00 a4 de 19 00 64 00 00 00 96
  00 8d 00 50 33 9e 04 8d 00 00 00 00 00 00 00 08 10 2b 07 98 2f 2b 07 40 33 9e 04 00 00 0c 01 2f
packet 17:
  04 0f 00 00 00 00 00 20 ee 1a 07 9c de 19 00 c4 5f eb 70 20 ee 1a 07 dd b9 71 34 78 b2 08 71 f7
  08 00 00 4d 60 eb 70 00 00 00 00 bf 02 00 00 99 03 f5 03 40 ed f0 06 f5 03 00 00 00 00 00 00 18
packet 18:
  40 00 00 40 30 2b 07 00 00 0c 01 e4 de 19 00 8d ba 71 34 2f 00 00 00 a4 de 19 00 64 00 00 00 94
  00 90 00 50 33 9e 04 90 00 00 00 00 00 00 00 08 10 2b 07 40 30 2b 07 40 33 9e 04 00 00 0c 01 2f
packet 19:
  40 00 00 c8 31 2b 07 00 00 0c 01 e4 de 19 00 8d ba 71 34 2f 00 00 00 a4 de 19 00 64 00 00 00 94
  00 97 00 50 33 9e 04 97 00 00 00 00 00 00 00 08 10 2b 07 c8 31 2b 07 40 33 9e 04 00 00 0c 01 2f
packet 20:
  40 00 00 08 30 2b 07 00 00 0c 01 e4 de 19 00 8d ba 71 34 2f 00 00 00 a4 de 19 00 64 00 00 00 94
  00 8f 00 50 33 9e 04 8f 00 00 00 00 00 00 00 08 10 2b 07 08 30 2b 07 40 33 9e 04 00 00 0c 01 2f
packet 21:
  40 00 00 a0 2d 2b 07 00 00 0c 01 e4 de 19 00 8d ba 71 34 2f 00 00 00 a4 de 19 00 64 00 00 00 94
  00 84 00 50 33 9e 04 84 00 00 00 00 00 00 00 08 10 2b 07 a0 2d 2b 07 40 33 9e 04 00 00 0c 01 2f
packet 22:
  40 00 00 10 2e 2b 07 00 00 0c 01 e4 de 19 00 8d ba 71 34 2f 00 00 00 a4 de 19 00 64 00 00 00 94
  00 86 00 50 33 9e 04 86 00 00 00 00 00 00 00 08 10 2b 07 10 2e 2b 07 40 33 9e 04 00 00 0c 01 2f
packet 23:
  40 00 00 a0 2d 2b 07 00 00 0c 01 e4 de 19 00 8d ba 71 34 2f 00 00 00 a4 de 19 00 64 00 00 00 94
  00 84 00 50 33 9e 04 84 00 00 00 00 00 00 00 08 10 2b 07 a0 2d 2b 07 40 33 9e 04 00 00 0c 01 2f
packet 24:
  40 00 00 28 2f 2b 07 00 00 0c 01 e4 de 19 00 8d ba 71 34 2f 00 00 00 a4 de 19 00 64 00 00 00 94
  00 8b 00 50 33 9e 04 8b 00 00 00 00 00 00 00 08 10 2b 07 28 2f 2b 07 40 33 9e 04 00 00 0c 01 2f
packet 25:
  40 00 00 30 2d 2b 07 00 00 0c 01 e4 de 19 00 8d ba 71 34 2f 00 00 00 a4 de 19 00 64 00 00 00 94
  00 82 00 50 33 9e 04 82 00 00 00 00 00 00 00 08 10 2b 07 30 2d 2b 07 40 33 9e 04 00 00 0c 01 2f
packet 26:
  40 00 00 78 30 2b 07 00 00 0c 01 e4 de 19 00 8d ba 71 34 2f 00 00 00 a4 de 19 00 64 00 00 00 94
  00 91 00 50 33 9e 04 91 00 00 00 00 00 00 00 08 10 2b 07 78 30 2b 07 40 33 9e 04 00 00 0c 01 2f
packet 27:
  40 00 00 c0 2c 2b 07 00 00 0c 01 e4 de 19 00 8d ba 71 34 2f 00 00 00 a4 de 19 00 64 00 00 00 94
  00 80 00 50 33 9e 04 80 00 00 00 00 00 00 00 08 10 2b 07 c0 2c 2b 07 40 33 9e 04 00 00 0c 01 2f
packet 28:
  41 00 00 64 00 00 00 43 03 2e 04 40 ed f0 06 2e 04 00 00 00 00 00 00 18 50 1a 07 48 f8 1a 07 30
  ed f0 06 00 00 0c 01 13 00 00 00 28 ea 19 00 aa ec 49 77 00 00 00 00 3e bc fa a9 e8 b8 84 04 01
packet 29:
  42 00 00 00 00 00 00 00 00 00 00 00 00 00 00 00 00 00 00 00 00 00 00 c0 f2 fc ff ff ff ff ff 00
  00 00 00 ac e9 19 00 03 ab 02 24 94 ea 19 00 e0 9b b3 76 1b 68 a7 35 fe ff ff ff 14 ea 19 00 4f
packet 30:
  43 00 00 00 00 00 00 00 00 00 00 00 00 00 00 00 00 00 00 00 00 00 00 c0 f2 fc ff ff ff ff ff 00
  00 00 00 ac e9 19 00 03 ab 02 24 94 ea 19 00 e0 9b b3 76 1b 68 a7 35 fe ff ff ff 14 ea 19 00 4f
packet 31:
  41 01 00 cd 0e b3 76 6f bf 7c 43 28 08 00 00 00 00 00 00 20 d7 0c 77 24 00 00 00 01 00 00 00 00
  00 00 00 00 00 00 00 00 00 00 00 00 00 00 00 00 00 00 00 00 00 00 00 00 00 00 00 c0 f2 fc ff ff
packet 32:
  40 00 00 7c 92 4d 77 09 23 4f 77 00 00 00 00 08 ea 19 00 00 00 00 00 00 00 00 00 08 ea 19 00 08
  ea 19 00 00 00 0c 01 2c ea 19 00 b0 0e b3 76 00 00 00 00 cd 0e b3 76 47 bf 7c 43 60 db 9d 04 00

=== RUN 3 ===
packet 0:
  00 00 00 fc 00 00 00 07 00 00 00 10 83 52 b7 78 db 19 00 60 b0 08 71 00 00 00 00 a0 b2 08 71 00
  00 00 00 ec da 19 00 70 e2 19 00 80 46 01 71 00 00 00 00 2c db 19 00 ae 35 eb 70 07 00 00 00 04
packet 1:
  00 00 00 a8 da 19 00 f9 f6 49 77 00 00 00 00 58 49 d8 64 1f 00 00 00 20 00 00 00 0f 00 00 00 80
  da 19 00 c7 4d b1 76 00 db 19 00 70 1b 4e 77 9e 20 4f 77 c0 b2 74 04 00 00 11 01 00 00 00 00 00
packet 2:
  01 00 00 85 10 ec 70 00 00 00 00 00 00 00 00 41 00 00 00 00 00 00 00 00 00 00 00 30 08 00 00 41
  00 00 00 41 00 00 00 00 00 00 00 a8 da 19 00 f9 f6 49 77 00 00 00 00 58 49 d8 64 1f 00 00 00 20
packet 3:
  02 00 00 f8 47 11 01 b7 0b 4f 77 00 00 00 00 00 00 11 01 c0 54 f1 06 c1 01 00 00 08 0e 00 00 00
  00 00 00 02 00 00 00 03 00 00 00 00 00 00 00 00 0e 00 00 00 00 e0 23 54 d9 19 00 f9 f6 49 77 00
packet 4:
  04 1e 00 00 00 00 00 20 00 00 00 02 00 00 00 00 00 00 00 20 00 00 00 64 00 00 00 d0 df 19 00 f9
  f6 49 77 00 00 00 00 20 4c d8 64 1f 00 00 00 20 00 00 00 0f 00 00 00 a8 df 19 00 00 00 11 01 28
packet 5:
  04 32 00 00 00 00 00 58 b6 74 04 2c df 19 00 c4 5f eb 70 58 b6 74 04 28 87 52 b7 78 b2 08 71 f7
  08 00 00 4d 60 eb 70 00 00 00 00 bf 02 00 00 37 01 41 00 20 00 6d 04 41 00 00 00 00 00 00 00 10
packet 6:
  40 00 00 f0 42 11 07 00 00 11 01 74 df 19 00 58 86 52 b7 2f 00 00 00 34 df 19 00 64 00 00 00 cc
  00 40 00 18 b9 6f 04 40 00 00 00 00 00 00 00 30 34 11 07 f0 42 11 07 08 b9 6f 04 00 00 11 01 2f
packet 7:
  40 00 00 00 46 11 07 00 00 11 01 e4 de 19 00 c8 85 52 b7 2f 00 00 00 a4 de 19 00 64 00 00 00 cc
  00 4e 00 18 b9 6f 04 4e 00 00 00 00 00 00 00 30 34 11 07 00 46 11 07 08 b9 6f 04 00 00 11 01 2f
packet 8:
  40 00 00 20 45 11 07 00 00 11 01 e4 de 19 00 c8 85 52 b7 2f 00 00 00 a4 de 19 00 64 00 00 00 cc
  00 4a 00 18 b9 6f 04 4a 00 00 00 00 00 00 00 30 34 11 07 20 45 11 07 08 b9 6f 04 00 00 11 01 2f
packet 9:
  40 00 00 88 47 11 07 00 00 11 01 e4 de 19 00 c8 85 52 b7 2f 00 00 00 a4 de 19 00 64 00 00 00 cc
  00 55 00 18 b9 6f 04 55 00 00 00 00 00 00 00 30 34 11 07 88 47 11 07 08 b9 6f 04 00 00 11 01 2f
packet 10:
  40 00 00 70 46 11 07 00 00 11 01 e4 de 19 00 c8 85 52 b7 2f 00 00 00 a4 de 19 00 64 00 00 00 cc
  00 50 00 18 b9 6f 04 50 00 00 00 00 00 00 00 30 34 11 07 70 46 11 07 08 b9 6f 04 00 00 11 01 2f
packet 11:
  40 00 00 00 46 11 07 00 00 11 01 e4 de 19 00 c8 85 52 b7 2f 00 00 00 a4 de 19 00 64 00 00 00 cc
  00 4e 00 18 b9 6f 04 4e 00 00 00 00 00 00 00 30 34 11 07 00 46 11 07 08 b9 6f 04 00 00 11 01 2f
packet 12:
  40 00 00 20 45 11 07 00 00 11 01 e4 de 19 00 c8 85 52 b7 2f 00 00 00 a4 de 19 00 64 00 00 00 cc
  00 4a 00 18 b9 6f 04 4a 00 00 00 00 00 00 00 30 34 11 07 20 45 11 07 08 b9 6f 04 00 00 11 01 2f
packet 13:
  40 00 00 80 49 11 07 00 00 11 01 e4 de 19 00 c8 85 52 b7 2f 00 00 00 a4 de 19 00 64 00 00 00 cc
  00 5e 00 18 b9 6f 04 5e 00 00 00 00 00 00 00 30 34 11 07 80 49 11 07 08 b9 6f 04 00 00 11 01 2f
packet 14:
  40 00 00 c0 47 11 07 00 00 11 01 e4 de 19 00 c8 85 52 b7 2f 00 00 00 a4 de 19 00 64 00 00 00 cc
  00 56 00 18 b9 6f 04 56 00 00 00 00 00 00 00 30 34 11 07 c0 47 11 07 08 b9 6f 04 00 00 11 01 2f
packet 15:
  40 00 00 88 47 11 07 00 00 11 01 e4 de 19 00 c8 85 52 b7 2f 00 00 00 a4 de 19 00 64 00 00 00 cc
  00 55 00 18 b9 6f 04 55 00 00 00 00 00 00 00 30 34 11 07 88 47 11 07 08 b9 6f 04 00 00 11 01 2f
packet 16:
  40 00 00 80 49 11 07 00 00 11 01 e4 de 19 00 c8 85 52 b7 2f 00 00 00 a4 de 19 00 64 00 00 00 cc
  00 5e 00 18 b9 6f 04 5e 00 00 00 00 00 00 00 30 34 11 07 80 49 11 07 08 b9 6f 04 00 00 11 01 2f
packet 17:
  04 0f 00 00 00 00 00 38 b8 74 04 9c de 19 00 c4 5f eb 70 38 b8 74 04 98 86 52 b7 78 b2 08 71 f7
  08 00 00 4d 60 eb 70 00 00 00 00 bf 02 00 00 37 01 4d 00 20 00 6d 04 4d 00 00 00 00 00 00 00 10
packet 18:
  40 00 00 98 43 11 07 00 00 11 01 e4 de 19 00 c8 85 52 b7 2f 00 00 00 a4 de 19 00 64 00 00 00 ca
  00 43 00 18 b9 6f 04 43 00 00 00 00 00 00 00 30 34 11 07 98 43 11 07 08 b9 6f 04 00 00 11 01 2f
packet 19:
  40 00 00 18 47 11 07 00 00 11 01 e4 de 19 00 c8 85 52 b7 2f 00 00 00 a4 de 19 00 64 00 00 00 ca
  00 53 00 18 b9 6f 04 53 00 00 00 00 00 00 00 30 34 11 07 18 47 11 07 08 b9 6f 04 00 00 11 01 2f
packet 20:
  40 00 00 30 48 11 07 00 00 11 01 e4 de 19 00 c8 85 52 b7 2f 00 00 00 a4 de 19 00 64 00 00 00 ca
  00 58 00 18 b9 6f 04 58 00 00 00 00 00 00 00 30 34 11 07 30 48 11 07 08 b9 6f 04 00 00 11 01 2f
packet 21:
  40 00 00 20 45 11 07 00 00 11 01 e4 de 19 00 c8 85 52 b7 2f 00 00 00 a4 de 19 00 64 00 00 00 ca
  00 4a 00 18 b9 6f 04 4a 00 00 00 00 00 00 00 30 34 11 07 20 45 11 07 08 b9 6f 04 00 00 11 01 2f
packet 22:
  40 00 00 20 45 11 07 00 00 11 01 e4 de 19 00 c8 85 52 b7 2f 00 00 00 a4 de 19 00 64 00 00 00 ca
  00 4a 00 18 b9 6f 04 4a 00 00 00 00 00 00 00 30 34 11 07 20 45 11 07 08 b9 6f 04 00 00 11 01 2f
packet 23:
  40 00 00 98 43 11 07 00 00 11 01 e4 de 19 00 c8 85 52 b7 2f 00 00 00 a4 de 19 00 64 00 00 00 ca
  00 43 00 18 b9 6f 04 43 00 00 00 00 00 00 00 30 34 11 07 98 43 11 07 08 b9 6f 04 00 00 11 01 2f
packet 24:
  40 00 00 20 45 11 07 00 00 11 01 e4 de 19 00 c8 85 52 b7 2f 00 00 00 a4 de 19 00 64 00 00 00 ca
  00 4a 00 18 b9 6f 04 4a 00 00 00 00 00 00 00 30 34 11 07 20 45 11 07 08 b9 6f 04 00 00 11 01 2f
packet 25:
  40 00 00 98 43 11 07 00 00 11 01 e4 de 19 00 c8 85 52 b7 2f 00 00 00 a4 de 19 00 64 00 00 00 ca
  00 43 00 18 b9 6f 04 43 00 00 00 00 00 00 00 30 34 11 07 98 43 11 07 08 b9 6f 04 00 00 11 01 2f
packet 26:
  40 00 00 98 43 11 07 00 00 11 01 e4 de 19 00 c8 85 52 b7 2f 00 00 00 a4 de 19 00 64 00 00 00 ca
  00 43 00 18 b9 6f 04 43 00 00 00 00 00 00 00 30 34 11 07 98 43 11 07 08 b9 6f 04 00 00 11 01 2f
packet 27:
  40 00 00 20 45 11 07 00 00 11 01 e4 de 19 00 c8 85 52 b7 2f 00 00 00 a4 de 19 00 64 00 00 00 ca
  00 4a 00 18 b9 6f 04 4a 00 00 00 00 00 00 00 30 34 11 07 20 45 11 07 08 b9 6f 04 00 00 11 01 2f
packet 28:
  41 00 00 64 00 00 00 e5 00 97 00 20 00 6d 04 97 00 00 00 00 00 00 00 10 ab 74 04 a0 c3 74 04 10
  00 6d 04 00 00 11 01 13 00 00 00 28 ea 19 00 aa ec 49 77 00 00 00 00 d8 79 d8 64 c8 98 6a 04 01
packet 29:
  42 00 00 00 00 00 00 00 00 00 00 00 00 00 00 00 00 00 00 00 00 00 00 c0 f2 fc ff ff ff ff ff 00
  00 00 00 ac e9 19 00 03 19 03 d8 94 ea 19 00 e0 9b b3 76 5b f9 35 db fe ff ff ff 14 ea 19 00 4f
packet 30:
  43 00 00 00 00 00 00 00 00 00 00 00 00 00 00 00 00 00 00 00 00 00 00 c0 f2 fc ff ff ff ff ff 00
  00 00 00 ac e9 19 00 03 19 03 d8 94 ea 19 00 e0 9b b3 76 5b f9 35 db fe ff ff ff 14 ea 19 00 4f
packet 31:
  41 01 00 cd 0e b3 76 2f 2e ee ad 2c 08 00 00 00 00 00 00 20 d7 0c 77 24 00 00 00 01 00 00 00 00
  00 00 00 00 00 00 00 00 00 00 00 00 00 00 00 00 00 00 00 00 00 00 00 00 00 00 00 c0 f2 fc ff ff
packet 32:
  40 00 00 7c 92 4d 77 09 23 4f 77 00 00 00 00 08 ea 19 00 00 00 00 00 00 00 00 00 08 ea 19 00 08
  ea 19 00 00 00 11 01 2c ea 19 00 b0 0e b3 76 00 00 00 00 cd 0e b3 76 07 2e ee ad f0 b8 f1 06 00
packet 33:
  41 00 00 64 00 00 00 07 01 4b 00 20 00 6d 04 4b 00 00 00 00 00 00 00 10 ab 74 04 c0 b7 74 04 10
  00 6d 04 00 00 11 01 13 00 00 00 a0 ea 19 00 aa ec 49 77 00 00 00 00 50 79 d8 64 00 00 00 00 00
packet 34:
  42 00 00 00 00 00 00 00 00 00 00 00 00 00 00 00 00 00 00 00 00 00 00 c0 f2 fc ff ff ff ff ff 00
  00 00 00 24 ea 19 00 04 42 04 2d 0c eb 19 00 e0 9b b3 76 5b f9 35 db fe ff ff ff 8c ea 19 00 4f
packet 35:
  43 00 00 00 00 00 00 00 00 00 00 00 00 00 00 00 00 00 00 00 00 00 00 c0 f2 fc ff ff ff ff ff 00
  00 00 00 24 ea 19 00 04 42 04 2d 0c eb 19 00 e0 9b b3 76 5b f9 35 db fe ff ff ff 8c ea 19 00 4f
packet 36:
  40 00 00 7c 92 4d 77 09 23 4f 77 00 00 00 00 80 ea 19 00 00 00 00 00 00 00 00 00 80 ea 19 00 80
  ea 19 00 00 00 11 01 a4 ea 19 00 b0 0e b3 76 00 00 00 00 cd 0e b3 76 8f 2e ee ad f0 b8 f1 06 00

=== RUN 4 ===
packet 0:
  00 00 00 fc 00 00 00 07 00 00 00 2f e9 8c de 78 db 19 00 60 b0 08 71 00 00 00 00 a0 b2 08 71 00
  00 00 00 ec da 19 00 70 e2 19 00 80 46 01 71 00 00 00 00 2c db 19 00 ae 35 eb 70 07 00 00 00 04
packet 1:
  00 00 00 a8 da 19 00 f9 f6 49 77 00 00 00 00 63 45 5c f4 1f 00 00 00 20 00 00 00 0f 00 00 00 80
  da 19 00 c7 4d b1 76 00 db 19 00 70 1b 4e 77 9e 20 4f 77 38 94 07 07 00 00 08 01 00 00 00 00 00
packet 2:
  01 00 00 85 10 ec 70 00 00 00 00 00 00 00 00 41 00 00 00 00 00 00 00 00 00 00 00 2c 08 00 00 41
  00 00 00 41 00 00 00 00 00 00 00 a8 da 19 00 f9 f6 49 77 00 00 00 00 63 45 5c f4 1f 00 00 00 20
packet 3:
  02 00 00 f8 47 08 01 b7 0b 4f 77 00 00 00 00 00 00 08 01 a8 46 0a 07 c1 01 00 00 08 0e 00 00 00
  00 00 00 02 00 00 00 03 00 00 00 00 00 00 00 00 0e 00 00 00 00 29 29 54 d9 19 00 f9 f6 49 77 00
packet 4:
  04 1e 00 00 00 00 00 20 00 00 00 02 00 00 00 00 00 00 00 20 00 00 00 64 00 00 00 d0 df 19 00 f9
  f6 49 77 00 00 00 00 1b 40 5c f4 1f 00 00 00 20 00 00 00 0f 00 00 00 a8 df 19 00 00 00 08 01 28
packet 5:
  04 32 00 00 00 00 00 10 99 07 07 2c df 19 00 c4 5f eb 70 10 99 07 07 17 ed 8c de 78 b2 08 71 f7
  08 00 00 4d 60 eb 70 00 00 00 00 bf 02 00 00 bf 03 14 03 28 87 89 04 14 03 00 00 00 00 00 00 70
packet 6:
  40 00 00 50 2f 28 07 00 00 08 01 74 df 19 00 67 ec 8c de 2f 00 00 00 34 df 19 00 64 00 00 00 c4
  00 03 01 58 80 24 07 03 01 00 00 00 00 00 00 e8 f5 27 07 50 2f 28 07 48 80 24 07 00 00 08 01 2f
packet 7:
  40 00 00 c0 2f 28 07 00 00 08 01 e4 de 19 00 f7 ef 8c de 2f 00 00 00 a4 de 19 00 64 00 00 00 c4
  00 05 01 58 80 24 07 05 01 00 00 00 00 00 00 e8 f5 27 07 c0 2f 28 07 48 80 24 07 00 00 08 01 2f
packet 8:
  40 00 00 58 34 28 07 00 00 08 01 e4 de 19 00 f7 ef 8c de 2f 00 00 00 a4 de 19 00 64 00 00 00 c4
  00 1a 01 58 80 24 07 1a 01 00 00 00 00 00 00 e8 f5 27 07 58 34 28 07 48 80 24 07 00 00 08 01 2f
packet 9:
  40 00 00 48 31 28 07 00 00 08 01 e4 de 19 00 f7 ef 8c de 2f 00 00 00 a4 de 19 00 64 00 00 00 c4
  00 0c 01 58 80 24 07 0c 01 00 00 00 00 00 00 e8 f5 27 07 48 31 28 07 48 80 24 07 00 00 08 01 2f
packet 10:
  40 00 00 58 34 28 07 00 00 08 01 e4 de 19 00 f7 ef 8c de 2f 00 00 00 a4 de 19 00 64 00 00 00 c4
  00 1a 01 58 80 24 07 1a 01 00 00 00 00 00 00 e8 f5 27 07 58 34 28 07 48 80 24 07 00 00 08 01 2f
packet 11:
  40 00 00 00 35 28 07 00 00 08 01 e4 de 19 00 f7 ef 8c de 2f 00 00 00 a4 de 19 00 64 00 00 00 c4
  00 1d 01 58 80 24 07 1d 01 00 00 00 00 00 00 e8 f5 27 07 00 35 28 07 48 80 24 07 00 00 08 01 2f
packet 12:
  40 00 00 50 2f 28 07 00 00 08 01 e4 de 19 00 f7 ef 8c de 2f 00 00 00 a4 de 19 00 64 00 00 00 c4
  00 03 01 58 80 24 07 03 01 00 00 00 00 00 00 e8 f5 27 07 50 2f 28 07 48 80 24 07 00 00 08 01 2f
packet 13:
  40 00 00 58 34 28 07 00 00 08 01 e4 de 19 00 f7 ef 8c de 2f 00 00 00 a4 de 19 00 64 00 00 00 c4
  00 1a 01 58 80 24 07 1a 01 00 00 00 00 00 00 e8 f5 27 07 58 34 28 07 48 80 24 07 00 00 08 01 2f
packet 14:
  40 00 00 00 35 28 07 00 00 08 01 e4 de 19 00 f7 ef 8c de 2f 00 00 00 a4 de 19 00 64 00 00 00 c4
  00 1d 01 58 80 24 07 1d 01 00 00 00 00 00 00 e8 f5 27 07 00 35 28 07 48 80 24 07 00 00 08 01 2f
packet 15:
  40 00 00 58 34 28 07 00 00 08 01 e4 de 19 00 f7 ef 8c de 2f 00 00 00 a4 de 19 00 64 00 00 00 c4
  00 1a 01 58 80 24 07 1a 01 00 00 00 00 00 00 e8 f5 27 07 58 34 28 07 48 80 24 07 00 00 08 01 2f
packet 16:
  40 00 00 58 34 28 07 00 00 08 01 e4 de 19 00 f7 ef 8c de 2f 00 00 00 a4 de 19 00 64 00 00 00 c4
  00 1a 01 58 80 24 07 1a 01 00 00 00 00 00 00 e8 f5 27 07 58 34 28 07 48 80 24 07 00 00 08 01 2f
packet 17:
  04 0f 00 00 00 00 00 58 97 07 07 9c de 19 00 c4 5f eb 70 58 97 07 07 a7 ec 8c de 78 b2 08 71 f7
  08 00 00 4d 60 eb 70 00 00 00 00 bf 02 00 00 bf 03 17 03 28 87 89 04 17 03 00 00 00 00 00 00 70
packet 18:
  40 00 00 58 34 28 07 00 00 08 01 e4 de 19 00 f7 ef 8c de 2f 00 00 00 a4 de 19 00 64 00 00 00 c2
  00 1a 01 58 80 24 07 1a 01 00 00 00 00 00 00 e8 f5 27 07 58 34 28 07 48 80 24 07 00 00 08 01 2f
packet 19:
  40 00 00 58 34 28 07 00 00 08 01 e4 de 19 00 f7 ef 8c de 2f 00 00 00 a4 de 19 00 64 00 00 00 c2
  00 1a 01 58 80 24 07 1a 01 00 00 00 00 00 00 e8 f5 27 07 58 34 28 07 48 80 24 07 00 00 08 01 2f
packet 20:
  40 00 00 58 34 28 07 00 00 08 01 e4 de 19 00 f7 ef 8c de 2f 00 00 00 a4 de 19 00 64 00 00 00 c2
  00 1a 01 58 80 24 07 1a 01 00 00 00 00 00 00 e8 f5 27 07 58 34 28 07 48 80 24 07 00 00 08 01 2f
packet 21:
  40 00 00 58 34 28 07 00 00 08 01 e4 de 19 00 f7 ef 8c de 2f 00 00 00 a4 de 19 00 64 00 00 00 c2
  00 1a 01 58 80 24 07 1a 01 00 00 00 00 00 00 e8 f5 27 07 58 34 28 07 48 80 24 07 00 00 08 01 2f
packet 22:
  40 00 00 88 2f 28 07 00 00 08 01 e4 de 19 00 f7 ef 8c de 2f 00 00 00 a4 de 19 00 64 00 00 00 c2
  00 04 01 58 80 24 07 04 01 00 00 00 00 00 00 e8 f5 27 07 88 2f 28 07 48 80 24 07 00 00 08 01 2f
packet 23:
  40 00 00 58 34 28 07 00 00 08 01 e4 de 19 00 f7 ef 8c de 2f 00 00 00 a4 de 19 00 64 00 00 00 c2
  00 1a 01 58 80 24 07 1a 01 00 00 00 00 00 00 e8 f5 27 07 58 34 28 07 48 80 24 07 00 00 08 01 2f
packet 24:
  40 00 00 58 34 28 07 00 00 08 01 e4 de 19 00 f7 ef 8c de 2f 00 00 00 a4 de 19 00 64 00 00 00 c2
  00 1a 01 58 80 24 07 1a 01 00 00 00 00 00 00 e8 f5 27 07 58 34 28 07 48 80 24 07 00 00 08 01 2f
packet 25:
  40 00 00 88 2f 28 07 00 00 08 01 e4 de 19 00 f7 ef 8c de 2f 00 00 00 a4 de 19 00 64 00 00 00 c2
  00 04 01 58 80 24 07 04 01 00 00 00 00 00 00 e8 f5 27 07 88 2f 28 07 48 80 24 07 00 00 08 01 2f
packet 26:
  40 00 00 58 34 28 07 00 00 08 01 e4 de 19 00 f7 ef 8c de 2f 00 00 00 a4 de 19 00 64 00 00 00 c2
  00 1a 01 58 80 24 07 1a 01 00 00 00 00 00 00 e8 f5 27 07 58 34 28 07 48 80 24 07 00 00 08 01 2f
packet 27:
  40 00 00 88 2f 28 07 00 00 08 01 e4 de 19 00 f7 ef 8c de 2f 00 00 00 a4 de 19 00 64 00 00 00 c2
  00 04 01 58 80 24 07 04 01 00 00 00 00 00 00 e8 f5 27 07 88 2f 28 07 48 80 24 07 00 00 08 01 2f
packet 28:
  41 00 00 64 00 00 00 69 03 43 03 28 87 89 04 43 03 00 00 00 00 00 00 70 1d 07 07 e0 a0 07 07 18
  87 89 04 00 00 08 01 13 00 00 00 28 ea 19 00 aa ec 49 77 00 00 00 00 e3 75 5c f4 98 ec 83 04 01
packet 29:
  42 00 00 00 00 00 00 00 00 00 00 00 00 00 00 00 00 00 00 00 00 00 00 c0 f2 fc ff ff ff ff ff 00
  00 00 00 ac e9 19 00 02 97 03 07 94 ea 19 00 e0 9b b3 76 ac 06 3e 62 fe ff ff ff 14 ea 19 00 4f
packet 30:
  43 00 00 00 00 00 00 00 00 00 00 00 00 00 00 00 00 00 00 00 00 00 00 c0 f2 fc ff ff ff ff ff 00
  00 00 00 ac e9 19 00 02 97 03 07 94 ea 19 00 e0 9b b3 76 ac 06 3e 62 fe ff ff ff 14 ea 19 00 4f
packet 31:
  41 01 00 cd 0e b3 76 d8 d1 e5 14 28 08 00 00 00 00 00 00 20 d7 0c 77 24 00 00 00 01 00 00 00 00
  00 00 00 00 00 00 00 00 00 00 00 00 00 00 00 00 00 00 00 00 00 00 00 00 00 00 00 c0 f2 fc ff ff
packet 32:
  40 00 00 7c 92 4d 77 09 23 4f 77 00 00 00 00 08 ea 19 00 00 00 00 00 00 00 00 00 08 ea 19 00 08
  ea 19 00 00 00 08 01 2c ea 19 00 b0 0e b3 76 00 00 00 00 cd 0e b3 76 f0 d1 e5 14 40 e7 fc 06 00

=== RUN 5 ===
packet 0:
  00 00 00 fc 00 00 00 07 00 00 00 57 ec d7 fb 78 db 19 00 60 b0 08 71 00 00 00 00 a0 b2 08 71 00
  00 00 00 ec da 19 00 70 e2 19 00 80 46 01 71 00 00 00 00 2c db 19 00 ae 35 eb 70 07 00 00 00 04
packet 1:
  00 00 00 a8 da 19 00 f9 f6 49 77 00 00 00 00 72 18 51 d2 1f 00 00 00 20 00 00 00 0f 00 00 00 80
  da 19 00 c7 4d b1 76 00 db 19 00 70 1b 4e 77 9e 20 4f 77 10 d0 88 04 00 00 08 01 00 00 00 00 00
packet 2:
  01 00 00 85 10 ec 70 00 00 00 00 00 00 00 00 41 00 00 00 00 00 00 00 00 00 00 00 2c 08 00 00 41
  00 00 00 41 00 00 00 00 00 00 00 a8 da 19 00 f9 f6 49 77 00 00 00 00 72 18 51 d2 1f 00 00 00 20
packet 3:
  02 00 00 f8 47 08 01 b7 0b 4f 77 00 00 00 00 00 00 08 01 b0 25 e7 06 c1 01 00 00 08 0e 00 00 00
  00 00 00 02 00 00 00 03 00 00 00 00 00 00 00 00 0e 00 00 00 00 84 1b 54 d9 19 00 f9 f6 49 77 00
packet 4:
  04 1e 00 00 00 00 00 20 00 00 00 02 00 00 00 00 00 00 00 20 00 00 00 64 00 00 00 d0 df 19 00 f9
  f6 49 77 00 00 00 00 0a 1d 51 d2 1f 00 00 00 20 00 00 00 0f 00 00 00 a8 df 19 00 00 00 08 01 28
packet 5:
  04 32 00 00 00 00 00 80 d3 88 04 2c df 19 00 c4 5f eb 70 80 d3 88 04 6f e8 d7 fb 78 b2 08 71 f7
  08 00 00 4d 60 eb 70 00 00 00 00 bf 02 00 00 03 01 89 00 10 de 80 04 89 00 00 00 00 00 00 00 48
packet 6:
  40 00 00 c8 ec 16 07 00 00 08 01 74 df 19 00 1f e9 d7 fb 2f 00 00 00 34 df 19 00 64 00 00 00 df
  00 80 00 58 61 03 07 80 00 00 00 00 00 00 00 08 d0 16 07 c8 ec 16 07 48 61 03 07 00 00 08 01 2f
packet 7:
  40 00 00 f8 ee 16 07 00 00 08 01 e4 de 19 00 8f ea d7 fb 2f 00 00 00 a4 de 19 00 64 00 00 00 df
  00 8a 00 58 61 03 07 8a 00 00 00 00 00 00 00 08 d0 16 07 f8 ee 16 07 48 61 03 07 00 00 08 01 2f
packet 8:
  40 00 00 f8 ee 16 07 00 00 08 01 e4 de 19 00 8f ea d7 fb 2f 00 00 00 a4 de 19 00 64 00 00 00 df
  00 8a 00 58 61 03 07 8a 00 00 00 00 00 00 00 08 d0 16 07 f8 ee 16 07 48 61 03 07 00 00 08 01 2f
packet 9:
  40 00 00 b0 f2 16 07 00 00 08 01 e4 de 19 00 8f ea d7 fb 2f 00 00 00 a4 de 19 00 64 00 00 00 df
  00 9b 00 58 61 03 07 9b 00 00 00 00 00 00 00 08 d0 16 07 b0 f2 16 07 48 61 03 07 00 00 08 01 2f
packet 10:
  40 00 00 b0 f2 16 07 00 00 08 01 e4 de 19 00 8f ea d7 fb 2f 00 00 00 a4 de 19 00 64 00 00 00 df
  00 9b 00 58 61 03 07 9b 00 00 00 00 00 00 00 08 d0 16 07 b0 f2 16 07 48 61 03 07 00 00 08 01 2f
packet 11:
  40 00 00 d8 ef 16 07 00 00 08 01 e4 de 19 00 8f ea d7 fb 2f 00 00 00 a4 de 19 00 64 00 00 00 df
  00 8e 00 58 61 03 07 8e 00 00 00 00 00 00 00 08 d0 16 07 d8 ef 16 07 48 61 03 07 00 00 08 01 2f
packet 12:
  40 00 00 98 f1 16 07 00 00 08 01 e4 de 19 00 8f ea d7 fb 2f 00 00 00 a4 de 19 00 64 00 00 00 df
  00 96 00 58 61 03 07 96 00 00 00 00 00 00 00 08 d0 16 07 98 f1 16 07 48 61 03 07 00 00 08 01 2f
packet 13:
  40 00 00 78 f2 16 07 00 00 08 01 e4 de 19 00 8f ea d7 fb 2f 00 00 00 a4 de 19 00 64 00 00 00 df
  00 9a 00 58 61 03 07 9a 00 00 00 00 00 00 00 08 d0 16 07 78 f2 16 07 48 61 03 07 00 00 08 01 2f
packet 14:
  40 00 00 48 f0 16 07 00 00 08 01 e4 de 19 00 8f ea d7 fb 2f 00 00 00 a4 de 19 00 64 00 00 00 df
  00 90 00 58 61 03 07 90 00 00 00 00 00 00 00 08 d0 16 07 48 f0 16 07 48 61 03 07 00 00 08 01 2f
packet 15:
  40 00 00 70 ed 16 07 00 00 08 01 e4 de 19 00 8f ea d7 fb 2f 00 00 00 a4 de 19 00 64 00 00 00 df
  00 83 00 58 61 03 07 83 00 00 00 00 00 00 00 08 d0 16 07 70 ed 16 07 48 61 03 07 00 00 08 01 2f
packet 16:
  40 00 00 d8 ef 16 07 00 00 08 01 e4 de 19 00 8f ea d7 fb 2f 00 00 00 a4 de 19 00 64 00 00 00 df
  00 8e 00 58 61 03 07 8e 00 00 00 00 00 00 00 08 d0 16 07 d8 ef 16 07 48 61 03 07 00 00 08 01 2f
packet 17:
  04 0f 00 00 00 00 00 30 d3 88 04 9c de 19 00 c4 5f eb 70 30 d3 88 04 df e9 d7 fb 78 b2 08 71 f7
  08 00 00 4d 60 eb 70 00 00 00 00 bf 02 00 00 03 01 85 00 10 de 80 04 85 00 00 00 00 00 00 00 48
packet 18:
  40 00 00 18 ee 16 07 00 00 08 01 e4 de 19 00 8f ea d7 fb 2f 00 00 00 a4 de 19 00 64 00 00 00 dd
  00 86 00 58 61 03 07 86 00 00 00 00 00 00 00 08 d0 16 07 18 ee 16 07 48 61 03 07 00 00 08 01 2f
packet 19:
  40 00 00 f0 f0 16 07 00 00 08 01 e4 de 19 00 8f ea d7 fb 2f 00 00 00 a4 de 19 00 64 00 00 00 dd
  00 93 00 58 61 03 07 93 00 00 00 00 00 00 00 08 d0 16 07 f0 f0 16 07 48 61 03 07 00 00 08 01 2f
packet 20:
  40 00 00 e0 ed 16 07 00 00 08 01 e4 de 19 00 8f ea d7 fb 2f 00 00 00 a4 de 19 00 64 00 00 00 dd
  00 85 00 58 61 03 07 85 00 00 00 00 00 00 00 08 d0 16 07 e0 ed 16 07 48 61 03 07 00 00 08 01 2f
packet 21:
  40 00 00 20 f3 16 07 00 00 08 01 e4 de 19 00 8f ea d7 fb 2f 00 00 00 a4 de 19 00 64 00 00 00 dd
  00 9d 00 58 61 03 07 9d 00 00 00 00 00 00 00 08 d0 16 07 20 f3 16 07 48 61 03 07 00 00 08 01 2f
packet 22:
  40 00 00 10 f0 16 07 00 00 08 01 e4 de 19 00 8f ea d7 fb 2f 00 00 00 a4 de 19 00 64 00 00 00 dd
  00 8f 00 58 61 03 07 8f 00 00 00 00 00 00 00 08 d0 16 07 10 f0 16 07 48 61 03 07 00 00 08 01 2f
packet 23:
  40 00 00 60 f1 16 07 00 00 08 01 e4 de 19 00 8f ea d7 fb 2f 00 00 00 a4 de 19 00 64 00 00 00 dd
  00 95 00 58 61 03 07 95 00 00 00 00 00 00 00 08 d0 16 07 60 f1 16 07 48 61 03 07 00 00 08 01 2f
packet 24:
  40 00 00 90 f3 16 07 00 00 08 01 e4 de 19 00 8f ea d7 fb 2f 00 00 00 a4 de 19 00 64 00 00 00 dd
  00 9f 00 58 61 03 07 9f 00 00 00 00 00 00 00 08 d0 16 07 90 f3 16 07 48 61 03 07 00 00 08 01 2f
packet 25:
  40 00 00 e0 ed 16 07 00 00 08 01 e4 de 19 00 8f ea d7 fb 2f 00 00 00 a4 de 19 00 64 00 00 00 dd
  00 85 00 58 61 03 07 85 00 00 00 00 00 00 00 08 d0 16 07 e0 ed 16 07 48 61 03 07 00 00 08 01 2f
packet 26:
  40 00 00 58 f3 16 07 00 00 08 01 e4 de 19 00 8f ea d7 fb 2f 00 00 00 a4 de 19 00 64 00 00 00 dd
  00 9e 00 58 61 03 07 9e 00 00 00 00 00 00 00 08 d0 16 07 58 f3 16 07 48 61 03 07 00 00 08 01 2f
packet 27:
  40 00 00 58 f3 16 07 00 00 08 01 e4 de 19 00 8f ea d7 fb 2f 00 00 00 a4 de 19 00 64 00 00 00 dd
  00 9e 00 58 61 03 07 9e 00 00 00 00 00 00 00 08 d0 16 07 58 f3 16 07 48 61 03 07 00 00 08 01 2f
packet 28:
  41 00 00 64 00 00 00 b1 00 c2 00 10 de 80 04 c2 00 00 00 00 00 00 00 48 bd 88 04 90 dc 88 04 00
  de 80 04 00 00 08 01 13 00 00 00 28 ea 19 00 aa ec 49 77 00 00 00 00 f2 28 51 d2 78 2c 85 04 01
packet 29:
  42 00 00 00 00 00 00 00 00 00 00 00 00 00 00 00 00 00 00 00 00 00 00 c0 f2 fc ff ff ff ff ff 00
  00 00 00 ac e9 19 00 03 cc 03 20 94 ea 19 00 e0 9b b3 76 ab 97 d4 f3 fe ff ff ff 14 ea 19 00 4f
packet 30:
  43 00 00 00 00 00 00 00 00 00 00 00 00 00 00 00 00 00 00 00 00 00 00 c0 f2 fc ff ff ff ff ff 00
  00 00 00 ac e9 19 00 03 cc 03 20 94 ea 19 00 e0 9b b3 76 ab 97 d4 f3 fe ff ff ff 14 ea 19 00 4f
packet 31:
  41 01 00 cd 0e b3 76 df 40 0f 85 28 08 00 00 00 00 00 00 20 d7 0c 77 24 00 00 00 01 00 00 00 00
  00 00 00 00 00 00 00 00 00 00 00 00 00 00 00 00 00 00 00 00 00 00 00 00 00 00 00 c0 f2 fc ff ff
packet 32:
  40 00 00 7c 92 4d 77 09 23 4f 77 00 00 00 00 08 ea 19 00 00 00 00 00 00 00 00 00 08 ea 19 00 08
  ea 19 00 00 00 08 01 2c ea 19 00 b0 0e b3 76 00 00 00 00 cd 0e b3 76 f7 40 0f 85 f8 d3 ea 06 00
