=== RUN 1 ===
packet 0:
  41 00 00 64 00 00 00 06 00 16 00 10 c5 f1 06 16 00 00 00 00 00 00 00 28 ed 7e 04 c0 f0 7e 04 00
  c5 f1 06 00 00 0d 01 13 00 00 00 b0 e6 19 00 aa ec 49 77 00 00 00 00 eb cf c4 bc a8 3d fb 06 02
packet 1:
  42 00 00 00 00 00 00 00 00 00 00 00 00 00 00 00 00 00 00 00 00 00 00 c0 f2 fc ff ff ff ff ff 00
  00 00 00 34 e6 19 00 03 ae 03 f1 1c e7 19 00 e0 9b b3 76 65 1a fb fe fe ff ff ff 9c e6 19 00 4f
packet 2:
  43 00 00 00 00 00 00 00 00 00 00 00 00 00 00 00 00 00 00 00 00 00 00 c0 f2 fc ff ff ff ff ff 00
  00 00 00 34 e6 19 00 03 ae 03 f1 1c e7 19 00 e0 9b b3 76 65 1a fb fe fe ff ff ff 9c e6 19 00 4f
packet 3:
  42 01 00 cd 0e b3 76 99 c1 20 88 34 08 00 00 00 00 00 00 20 d7 0c 77 24 00 00 00 01 00 00 00 00
  00 00 00 00 00 00 00 00 00 00 00 00 00 00 00 00 00 00 00 00 00 00 00 00 00 00 00 c0 f2 fc ff ff
packet 4:
  40 00 00 7c 92 4d 77 09 23 4f 77 00 00 00 00 90 e6 19 00 00 00 00 00 00 00 00 00 90 e6 19 00 90
  e6 19 00 00 00 0d 01 b4 e6 19 00 b0 0e b3 76 00 00 00 00 cd 0e b3 76 a1 c1 20 88 18 4b 08 07 00
packet 5:
  40 00 00 88 65 0f 01 00 00 0d 01 b4 fc 51 01 21 bd 83 89 2f 00 00 00 74 fc 51 01 64 00 00 00 06
  00 02 00 30 67 0e 01 02 00 00 00 00 00 00 00 f0 64 0f 01 88 65 0f 01 20 67 0e 01 00 00 0d 01 2f
packet 6:
  40 00 00 68 66 0f 01 00 00 0d 01 b4 fc 51 01 21 bd 83 89 2f 00 00 00 74 fc 51 01 64 00 00 00 06
  00 06 00 30 67 0e 01 06 00 00 00 00 00 00 00 f0 64 0f 01 68 66 0f 01 20 67 0e 01 00 00 0d 01 2f
packet 7:
  40 00 00 68 66 0f 01 00 00 0d 01 b4 fc 51 01 21 bd 83 89 2f 00 00 00 74 fc 51 01 64 00 00 00 06
  00 06 00 30 67 0e 01 06 00 00 00 00 00 00 00 f0 64 0f 01 68 66 0f 01 20 67 0e 01 00 00 0d 01 2f
packet 8:
  40 00 00 88 65 0f 01 00 00 0d 01 b4 fc 51 01 21 bd 83 89 2f 00 00 00 74 fc 51 01 64 00 00 00 06
  00 02 00 30 67 0e 01 02 00 00 00 00 00 00 00 f0 64 0f 01 88 65 0f 01 20 67 0e 01 00 00 0d 01 2f
packet 9:
  40 00 00 a0 66 0f 01 00 00 0d 01 b4 fc 51 01 21 bd 83 89 2f 00 00 00 74 fc 51 01 64 00 00 00 06
  00 07 00 30 67 0e 01 07 00 00 00 00 00 00 00 f0 64 0f 01 a0 66 0f 01 20 67 0e 01 00 00 0d 01 2f
