=== RUN 1 ===
packet 0:
  40 00 00 b0 7f 7f 04 00 00 0d 01 dc fc 51 01 71 bd 83 89 2f 00 00 00 a4 fc 51 01 64 00 00 00 06
  00 04 00 88 3f 78 04 04 00 00 00 00 00 00 00 a8 7e 7f 04 b0 7f 7f 04 78 3f 78 04 00 00 0d 01 2f
packet 1:
  40 00 00 08 7f 7f 04 00 00 0d 01 dc fc 51 01 71 bd 83 89 2f 00 00 00 a4 fc 51 01 64 00 00 00 06
  00 01 00 88 3f 78 04 01 00 00 00 00 00 00 00 a8 7e 7f 04 08 7f 7f 04 78 3f 78 04 00 00 0d 01 2f
packet 2:
  40 00 00 58 80 7f 04 00 00 0d 01 dc fc 51 01 71 bd 83 89 2f 00 00 00 a4 fc 51 01 64 00 00 00 06
  00 07 00 88 3f 78 04 07 00 00 00 00 00 00 00 a8 7e 7f 04 58 80 7f 04 78 3f 78 04 00 00 0d 01 2f
packet 3:
  40 00 00 58 80 7f 04 00 00 0d 01 dc fc 51 01 71 bd 83 89 2f 00 00 00 a4 fc 51 01 64 00 00 00 06
  00 07 00 88 3f 78 04 07 00 00 00 00 00 00 00 a8 7e 7f 04 58 80 7f 04 78 3f 78 04 00 00 0d 01 2f
packet 4:
  40 00 00 58 80 7f 04 00 00 0d 01 dc fc 51 01 71 bd 83 89 2f 00 00 00 a4 fc 51 01 64 00 00 00 06
  00 07 00 88 3f 78 04 07 00 00 00 00 00 00 00 a8 7e 7f 04 58 80 7f 04 78 3f 78 04 00 00 0d 01 2f
packet 5:
  40 00 00 40 7f 7f 04 00 00 0d 01 dc fc 51 01 71 bd 83 89 2f 00 00 00 a4 fc 51 01 64 00 00 00 06
  00 02 00 88 3f 78 04 02 00 00 00 00 00 00 00 a8 7e 7f 04 40 7f 7f 04 78 3f 78 04 00 00 0d 01 2f
packet 6:
  40 00 00 08 7f 7f 04 00 00 0d 01 dc fc 51 01 71 bd 83 89 2f 00 00 00 a4 fc 51 01 64 00 00 00 06
  00 01 00 88 3f 78 04 01 00 00 00 00 00 00 00 a8 7e 7f 04 08 7f 7f 04 78 3f 78 04 00 00 0d 01 2f
packet 7:
  40 00 00 b0 7f 7f 04 00 00 0d 01 dc fc 51 01 71 bd 83 89 2f 00 00 00 a4 fc 51 01 64 00 00 00 06
  00 04 00 88 3f 78 04 04 00 00 00 00 00 00 00 a8 7e 7f 04 b0 7f 7f 04 78 3f 78 04 00 00 0d 01 2f
packet 8:
  40 00 00 40 7f 7f 04 00 00 0d 01 dc fc 51 01 71 bd 83 89 2f 00 00 00 a4 fc 51 01 64 00 00 00 06
  00 02 00 88 3f 78 04 02 00 00 00 00 00 00 00 a8 7e 7f 04 40 7f 7f 04 78 3f 78 04 00 00 0d 01 2f
packet 9:
  40 00 00 d0 7e 7f 04 00 00 0d 01 dc fc 51 01 71 bd 83 89 2f 00 00 00 a4 fc 51 01 64 00 00 00 06
  00 00 00 88 3f 78 04 00 00 00 00 00 00 00 00 a8 7e 7f 04 d0 7e 7f 04 78 3f 78 04 00 00 0d 01 2f

=== RUN 2 ===
packet 0:
  40 00 00 18 65 0f 01 00 00 0d 01 dc fc 51 01 71 bd 83 89 2f 00 00 00 a4 fc 51 01 64 00 00 00 06
  00 00 00 30 67 0e 01 00 00 00 00 00 00 00 00 f0 64 0f 01 18 65 0f 01 20 67 0e 01 00 00 0d 01 2f
packet 1:
  40 00 00 88 65 0f 01 00 00 0d 01 dc fc 51 01 71 bd 83 89 2f 00 00 00 a4 fc 51 01 64 00 00 00 06
  00 02 00 30 67 0e 01 02 00 00 00 00 00 00 00 f0 64 0f 01 88 65 0f 01 20 67 0e 01 00 00 0d 01 2f
packet 2:
  40 00 00 c0 65 0f 01 00 00 0d 01 dc fc 51 01 71 bd 83 89 2f 00 00 00 a4 fc 51 01 64 00 00 00 06
  00 03 00 30 67 0e 01 03 00 00 00 00 00 00 00 f0 64 0f 01 c0 65 0f 01 20 67 0e 01 00 00 0d 01 2f
packet 3:
  40 00 00 88 65 0f 01 00 00 0d 01 dc fc 51 01 71 bd 83 89 2f 00 00 00 a4 fc 51 01 64 00 00 00 06
  00 02 00 30 67 0e 01 02 00 00 00 00 00 00 00 f0 64 0f 01 88 65 0f 01 20 67 0e 01 00 00 0d 01 2f
packet 4:
  40 00 00 50 65 0f 01 00 00 0d 01 dc fc 51 01 71 bd 83 89 2f 00 00 00 a4 fc 51 01 64 00 00 00 06
  00 01 00 30 67 0e 01 01 00 00 00 00 00 00 00 f0 64 0f 01 50 65 0f 01 20 67 0e 01 00 00 0d 01 2f
packet 5:
  40 00 00 18 65 0f 01 00 00 0d 01 dc fc 51 01 71 bd 83 89 2f 00 00 00 a4 fc 51 01 64 00 00 00 06
  00 00 00 30 67 0e 01 00 00 00 00 00 00 00 00 f0 64 0f 01 18 65 0f 01 20 67 0e 01 00 00 0d 01 2f
packet 6:
  40 00 00 f8 65 0f 01 00 00 0d 01 dc fc 51 01 71 bd 83 89 2f 00 00 00 a4 fc 51 01 64 00 00 00 06
  00 04 00 30 67 0e 01 04 00 00 00 00 00 00 00 f0 64 0f 01 f8 65 0f 01 20 67 0e 01 00 00 0d 01 2f
packet 7:
  40 00 00 c0 65 0f 01 00 00 0d 01 dc fc 51 01 71 bd 83 89 2f 00 00 00 a4 fc 51 01 64 00 00 00 06
  00 03 00 30 67 0e 01 03 00 00 00 00 00 00 00 f0 64 0f 01 c0 65 0f 01 20 67 0e 01 00 00 0d 01 2f
packet 8:
  40 00 00 f8 65 0f 01 00 00 0d 01 dc fc 51 01 71 bd 83 89 2f 00 00 00 a4 fc 51 01 64 00 00 00 06
  00 04 00 30 67 0e 01 04 00 00 00 00 00 00 00 f0 64 0f 01 f8 65 0f 01 20 67 0e 01 00 00 0d 01 2f
packet 9:
  40 00 00 f8 65 0f 01 00 00 0d 01 dc fc 51 01 71 bd 83 89 2f 00 00 00 a4 fc 51 01 64 00 00 00 06
  00 04 00 30 67 0e 01 04 00 00 00 00 00 00 00 f0 64 0f 01 f8 65 0f 01 20 67 0e 01 00 00 0d 01 2f
