00 OUT  00 00 00 fc 00 00 00 07 00 00 00 00 00 00 00 78 db 19 00 60 b0 00 70 00 00 00 00 a0 b2 00 70 00 00 00 00 ec da 19 00 70 e2 19 00 80 46 00 70 00 00 00 00 2c db 19 00 ae 35 00 70 07 00 00 00 04
01 OUT  00 00 00 a8 da 19 00 f9 f6 00 77 00 00 00 00 00 00 00 00 1f 00 00 00 20 00 00 00 0f 00 00 00 80 da 19 00 c7 4d 00 00 00 db 19 00 70 1b 1d 77 9e 20 00 77 00 00 00 00 00 00 00 00 00 00 00 00 00
02 OUT  01 00 00 85 10 00 70 00 00 00 00 00 00 00 00 41 00 00 00 00 00 00 00 00 00 00 00 00 08 00 00 41 00 00 00 41 00 00 00 00 00 00 00 a8 da 19 00 f9 f6 00 77 00 00 00 00 00 00 00 00 1f 00 00 00 20
03 OUT  02 00 00 00 00 00 00 b7 0b 00 77 00 00 00 00 00 00 00 00 00 00 00 00 00 00 00 00 08 0e 00 00 00 00 00 00 02 00 00 00 03 00 00 00 00 00 00 00 00 0e 00 00 00 00 00 00 54 d9 19 00 f9 f6 00 77 00
04 OUT  04 1e 00 00 00 00 00 20 00 00 00 02 00 00 00 00 00 00 00 20 00 00 00 64 00 00 00 d0 df 19 00 f9 f6 00 77 00 00 00 00 00 00 00 00 1f 00 00 00 20 00 00 00 0f 00 00 00 a8 df 19 00 00 00 00 00 28
05 OUT  04 32 00 00 00 00 00 00 00 00 00 2c df 19 00 c4 5f 00 70 00 00 00 00 00 00 00 00 78 b2 00 70 f7 08 00 00 4d 60 00 70 00 00 00 00 bf 02 00 00 00 00 00 00 00 00 00 00 00 00 00 00 00 00 00 00 00
06 OUT  40 00 00 00 00 00 00 00 00 00 00 74 df 19 00 00 00 00 00 00 00 00 00 34 df 19 00 64 00 00 00 00 00 00 00 00 00 00 00 00 00 00 00 00 00 00 00 00 00 00 00 00 00 00 00 00 00 00 00 00 00 00 00 2f
07 OUT  40 00 00 00 00 00 00 00 00 00 00 e4 de 19 00 00 00 00 00 2f 00 00 00 a4 de 19 00 64 00 00 00 00 00 00 00 00 00 00 00 00 00 00 00 00 00 00 00 00 00 00 00 00 00 00 00 00 00 00 00 00 00 00 00 2f
08 OUT  40 00 00 00 00 00 00 00 00 00 00 e4 de 19 00 00 00 00 00 2f 00 00 00 a4 de 19 00 64 00 00 00 00 00 00 00 00 00 00 00 00 00 00 00 00 00 00 00 00 00 00 00 00 00 00 00 00 00 00 00 00 00 00 00 2f
09 OUT  40 00 00 00 00 00 00 00 00 00 00 e4 de 19 00 00 00 00 00 2f 00 00 00 a4 de 19 00 64 00 00 00 00 00 00 00 00 00 00 00 00 00 00 00 00 00 00 00 00 00 00 00 00 00 00 00 00 00 00 00 00 00 00 00 2f
10 OUT  40 00 00 00 00 00 00 00 00 00 00 e4 de 19 00 00 00 00 00 2f 00 00 00 a4 de 19 00 64 00 00 00 00 00 00 00 00 00 00 00 00 00 00 00 00 00 00 00 00 00 00 00 00 00 00 00 00 00 00 00 00 00 00 00 2f
11 OUT  40 00 00 00 00 00 00 00 00 00 00 e4 de 19 00 00 00 00 00 2f 00 00 00 a4 de 19 00 64 00 00 00 00 00 00 00 00 00 00 00 00 00 00 00 00 00 00 00 00 00 00 00 00 00 00 00 00 00 00 00 00 00 00 00 2f
12 OUT  40 00 00 00 00 00 00 00 00 00 00 e4 de 19 00 00 00 00 00 2f 00 00 00 a4 de 19 00 64 00 00 00 00 00 00 00 00 00 00 00 00 00 00 00 00 00 00 00 00 00 00 00 00 00 00 00 00 00 00 00 00 00 00 00 2f
13 OUT  40 00 00 00 00 00 00 00 00 00 00 e4 de 19 00 00 00 00 00 2f 00 00 00 a4 de 19 00 64 00 00 00 00 00 00 00 00 00 00 00 00 00 00 00 00 00 00 00 00 00 00 00 00 00 00 00 00 00 00 00 00 00 00 00 2f
14 OUT  40 00 00 00 00 00 00 00 00 00 00 e4 de 19 00 00 00 00 00 2f 00 00 00 a4 de 19 00 64 00 00 00 00 00 00 00 00 00 00 00 00 00 00 00 00 00 00 00 00 00 00 00 00 00 00 00 00 00 00 00 00 00 00 00 2f
15 OUT  40 00 00 00 00 00 00 00 00 00 00 e4 de 19 00 00 00 00 00 2f 00 00 00 a4 de 19 00 64 00 00 00 00 00 00 00 00 00 00 00 00 00 00 00 00 00 00 00 00 00 00 00 00 00 00 00 00 00 00 00 00 00 00 00 2f
16 OUT  40 00 00 00 00 00 00 00 00 00 00 e4 de 19 00 00 00 00 00 2f 00 00 00 a4 de 19 00 64 00 00 00 00 00 00 00 00 00 00 00 00 00 00 00 00 00 00 00 00 00 00 00 00 00 00 00 00 00 00 00 00 00 00 00 2f
17 OUT  04 0f 00 00 00 00 00 00 00 00 00 9c de 19 00 c4 5f 00 70 00 00 00 00 00 00 00 00 78 b2 00 70 f7 08 00 00 4d 60 00 70 00 00 00 00 bf 02 00 00 00 00 00 00 00 00 00 00 00 00 00 00 00 00 00 00 00
18 OUT  40 00 00 00 00 00 00 00 00 00 00 e4 de 19 00 00 00 00 00 2f 00 00 00 a4 de 19 00 64 00 00 00 00 00 00 00 00 00 00 00 00 00 00 00 00 00 00 00 00 00 00 00 00 00 00 00 00 00 00 00 00 00 00 00 2f
19 OUT  40 00 00 00 00 00 00 00 00 00 00 e4 de 19 00 00 00 00 00 2f 00 00 00 a4 de 19 00 64 00 00 00 00 00 00 00 00 00 00 00 00 00 00 00 00 00 00 00 00 00 00 00 00 00 00 00 00 00 00 00 00 00 00 00 2f
20 OUT  40 00 00 00 00 00 00 00 00 00 00 e4 de 19 00 00 00 00 00 2f 00 00 00 a4 de 19 00 64 00 00 00 00 00 00 00 00 00 00 00 00 00 00 00 00 00 00 00 00 00 00 00 00 00 00 00 00 00 00 00 00 00 00 00 2f
21 OUT  40 00 00 00 00 00 00 00 00 00 00 e4 de 19 00 00 00 00 00 2f 00 00 00 a4 de 19 00 64 00 00 00 00 00 00 00 00 00 00 00 00 00 00 00 00 00 00 00 00 00 00 00 00 00 00 00 00 00 00 00 00 00 00 00 2f
22 OUT  40 00 00 00 00 00 00 00 00 00 00 e4 de 19 00 00 00 00 00 2f 00 00 00 a4 de 19 00 64 00 00 00 00 00 00 00 00 00 00 00 00 00 00 00 00 00 00 00 00 00 00 00 00 00 00 00 00 00 00 00 00 00 00 00 2f
23 OUT  40 00 00 00 00 00 00 00 00 00 00 e4 de 19 00 00 00 00 00 2f 00 00 00 a4 de 19 00 64 00 00 00 00 00 00 00 00 00 00 00 00 00 00 00 00 00 00 00 00 00 00 00 00 00 00 00 00 00 00 00 00 00 00 00 2f
24 OUT  40 00 00 00 00 00 00 00 00 00 00 e4 de 19 00 00 00 00 00 2f 00 00 00 a4 de 19 00 64 00 00 00 00 00 00 00 00 00 00 00 00 00 00 00 00 00 00 00 00 00 00 00 00 00 00 00 00 00 00 00 00 00 00 00 2f
25 OUT  40 00 00 00 00 00 00 00 00 00 00 e4 de 19 00 00 00 00 00 2f 00 00 00 a4 de 19 00 64 00 00 00 00 00 00 00 00 00 00 00 00 00 00 00 00 00 00 00 00 00 00 00 00 00 00 00 00 00 00 00 00 00 00 00 2f
26 OUT  40 00 00 00 00 00 00 00 00 00 00 e4 de 19 00 00 00 00 00 2f 00 00 00 a4 de 19 00 64 00 00 00 00 00 00 00 00 00 00 00 00 00 00 00 00 00 00 00 00 00 00 00 00 00 00 00 00 00 00 00 00 00 00 00 2f
27 OUT  40 00 00 d8 88 3b 03 00 00 0f 01 e4 de 19 00 23 ac 3a 2d 2f 00 00 00 a4 de 19 00 64 00 00 00 dd 00 6e 00 28 58 61 04 6e 00 00 00 00 00 00 00 08 70 3b 03 d8 88 3b 03 18 58 61 04 00 00 0f 01 2f
28 OUT  41 00 00 64 00 00 00 00 00 00 00 00 00 00 00 00 00 00 00 00 00 00 00 00 00 00 00 00 00 00 00 00 00 00 00 00 00 00 00 13 00 00 00 28 ea 19 00 aa ec 00 77 00 00 00 00 00 00 00 00 00 00 00 00 01
29 OUT  42 00 00 00 00 00 00 00 00 00 00 00 00 00 00 00 00 00 00 00 00 00 00 c0 f2 fc ff ff ff ff ff 00 00 00 00 ac e9 19 00 00 00 00 00 94 ea 19 00 e0 9b 00 00 00 00 00 00 fe ff ff ff 14 ea 19 00 4f
30 OUT  43 00 00 00 00 00 00 00 00 00 00 00 00 00 00 00 00 00 00 00 00 00 00 c0 f2 fc ff ff ff ff ff 00 00 00 00 ac e9 19 00 00 00 00 00 94 ea 19 00 e0 9b 00 00 00 00 00 00 fe ff ff ff 14 ea 19 00 4f
31 OUT  41 01 00 cd 0e 00 00 00 00 00 00 00 08 00 00 00 00 00 00 20 d7 00 00 24 00 00 00 01 00 00 00 00 00 00 00 00 00 00 00 00 00 00 00 00 00 00 00 00 00 00 00 00 00 00 00 00 00 00 00 c0 f2 fc ff ff
32 OUT  40 00 00 7c 92 00 77 09 23 00 77 00 00 00 00 08 ea 19 00 00 00 00 00 00 00 00 00 08 ea 19 00 08 ea 19 00 00 00 00 00 2c ea 19 00 b0 0e 00 00 00 00 00 00 cd 0e 00 00 00 00 00 00 00 00 00 00 00
