=== RUN 1 ===
packet 0:
  41 00 00 64 00 00 00 02 01 81 02 d0 60 6f 04 81 02 00 00 00 00 00 00 e0 48 7b 04 00 ae 7b 04 c0
  60 6f 04 00 00 0b 01 13 00 00 00 38 ea 19 00 aa ec 49 77 00 00 00 00 85 21 8f 00 dc f0 09 07 00
packet 1:
  42 00 00 00 00 00 00 00 00 00 00 00 00 00 00 00 00 00 00 00 00 00 00 c0 f2 fc ff ff ff ff ff 00
  00 00 00 bc e9 19 00 04 e6 03 02 a4 ea 19 00 e0 9b b3 76 b4 0c 95 ff fe ff ff ff 24 ea 19 00 4f
packet 2:
  43 00 00 00 00 00 00 00 00 00 00 00 00 00 00 00 00 00 00 00 00 00 00 c0 f2 fc ff ff ff ff ff 00
  00 00 00 bc e9 19 00 04 e6 03 02 a4 ea 19 00 e0 9b b3 76 b4 0c 95 ff fe ff ff ff 24 ea 19 00 4f
packet 3:
  40 00 00 7c 92 4d 77 09 23 4f 77 00 00 00 00 18 ea 19 00 00 00 00 00 00 00 00 00 18 ea 19 00 18
  ea 19 00 00 00 0b 01 3c ea 19 00 b0 0e b3 76 00 00 00 00 cd 0e b3 76 f8 db 4e 89 b0 23 79 04 00
packet 4:
  04 46 00 06 5b 06 a5 06 83 06 69 06 54 06 ff 05 ce 06 d2 b0 23 79 04 c2 22 d6 36 00 00 0b 01 14
  ea 19 00 30 ea 19 00 aa ec 49 77 00 00 00 00 8d 21 8f 00 b0 23 79 04 00 00 00 00 30 08 00 00 08
packet 5:
  a0 00 00 b0 87 2a 07 00 00 0b 01 ac ea 19 00 aa 22 d6 36 2f 00 00 00 74 ea 19 00 64 00 00 00 63
  00 b2 00 90 13 78 04 b2 00 00 00 00 00 00 00 08 60 2a 07 b0 87 2a 07 80 13 78 04 00 00 0b 01 2f
packet 6:
  a0 00 00 28 86 2a 07 00 00 0b 01 ac ea 19 00 aa 22 d6 36 2f 00 00 00 74 ea 19 00 64 00 00 00 63
  00 ab 00 90 13 78 04 ab 00 00 00 00 00 00 00 08 60 2a 07 28 86 2a 07 80 13 78 04 00 00 0b 01 2f
packet 7:
  a0 00 00 d0 86 2a 07 00 00 0b 01 ac ea 19 00 aa 22 d6 36 2f 00 00 00 74 ea 19 00 64 00 00 00 63
  00 ae 00 90 13 78 04 ae 00 00 00 00 00 00 00 08 60 2a 07 d0 86 2a 07 80 13 78 04 00 00 0b 01 2f
packet 8:
  a0 00 00 68 84 2a 07 00 00 0b 01 ac ea 19 00 aa 22 d6 36 2f 00 00 00 74 ea 19 00 64 00 00 00 63
  00 a3 00 90 13 78 04 a3 00 00 00 00 00 00 00 08 60 2a 07 68 84 2a 07 80 13 78 04 00 00 0b 01 2f
packet 9:
  a0 00 00 28 86 2a 07 00 00 0b 01 ac ea 19 00 aa 22 d6 36 2f 00 00 00 74 ea 19 00 64 00 00 00 63
  00 ab 00 90 13 78 04 ab 00 00 00 00 00 00 00 08 60 2a 07 28 86 2a 07 80 13 78 04 00 00 0b 01 2f
packet 10:
  a0 00 00 08 87 2a 07 00 00 0b 01 ac ea 19 00 aa 22 d6 36 2f 00 00 00 74 ea 19 00 64 00 00 00 63
  00 af 00 90 13 78 04 af 00 00 00 00 00 00 00 08 60 2a 07 08 87 2a 07 80 13 78 04 00 00 0b 01 2f
packet 11:
  a0 00 00 28 86 2a 07 00 00 0b 01 ac ea 19 00 aa 22 d6 36 2f 00 00 00 74 ea 19 00 64 00 00 00 63
  00 ab 00 90 13 78 04 ab 00 00 00 00 00 00 00 08 60 2a 07 28 86 2a 07 80 13 78 04 00 00 0b 01 2f
packet 12:
  a0 00 00 d0 86 2a 07 00 00 0b 01 ac ea 19 00 aa 22 d6 36 2f 00 00 00 74 ea 19 00 64 00 00 00 63
  00 ae 00 90 13 78 04 ae 00 00 00 00 00 00 00 08 60 2a 07 d0 86 2a 07 80 13 78 04 00 00 0b 01 2f
packet 13:
  a0 00 00 28 86 2a 07 00 00 0b 01 ac ea 19 00 aa 22 d6 36 2f 00 00 00 74 ea 19 00 64 00 00 00 63
  00 ab 00 90 13 78 04 ab 00 00 00 00 00 00 00 08 60 2a 07 28 86 2a 07 80 13 78 04 00 00 0b 01 2f
packet 14:
  a0 00 00 28 86 2a 07 00 00 0b 01 ac ea 19 00 aa 22 d6 36 2f 00 00 00 74 ea 19 00 64 00 00 00 63
  00 ab 00 90 13 78 04 ab 00 00 00 00 00 00 00 08 60 2a 07 28 86 2a 07 80 13 78 04 00 00 0b 01 2f
packet 15:
  41 00 00 64 00 00 00 02 01 81 02 d0 60 6f 04 81 02 00 00 00 00 00 00 e0 48 7b 04 00 ae 7b 04 c0
  60 6f 04 00 00 0b 01 13 00 00 00 38 ea 19 00 aa ec 49 77 00 00 00 00 85 21 8f 00 00 00 00 00 01
packet 16:
  42 00 00 00 00 00 00 00 00 00 00 00 00 00 00 00 00 00 00 00 00 00 00 c0 f2 fc ff ff ff ff ff 00
  00 00 00 bc e9 19 00 04 87 04 4c a4 ea 19 00 e0 9b b3 76 b4 0c 95 ff fe ff ff ff 24 ea 19 00 4f
packet 17:
  43 00 00 00 00 00 00 00 00 00 00 00 00 00 00 00 00 00 00 00 00 00 00 c0 f2 fc ff ff ff ff ff 00
  00 00 00 bc e9 19 00 04 87 04 4c a4 ea 19 00 e0 9b b3 76 b4 0c 95 ff fe ff ff ff 24 ea 19 00 4f
packet 18:
  41 01 00 cd 0e b3 76 d0 db 4e 89 30 08 00 00 00 00 00 00 20 d7 0c 77 24 00 00 00 01 00 00 00 00
  00 00 00 00 00 00 00 00 00 00 00 00 00 00 00 00 00 00 00 00 00 00 00 00 00 00 00 c0 f2 fc ff ff
packet 19:
  40 00 00 7c 92 4d 77 09 23 4f 77 00 00 00 00 18 ea 19 00 00 00 00 00 00 00 00 00 18 ea 19 00 18
  ea 19 00 00 00 0b 01 3c ea 19 00 b0 0e b3 76 00 00 00 00 cd 0e b3 76 f8 db 4e 89 b0 23 79 04 00
packet 20:
  04 0a 02 30 00 00 00 3b 00 00 00 70 eb 19 00 f9 f6 49 77 00 00 00 00 cd 20 8f 00 2f 00 00 00 30
  00 00 00 0f 00 00 00 48 eb 19 00 a0 eb 19 00 c8 eb 19 00 70 1b 4e 77 05 10 c1 77 fe ff ff ff 90
packet 21:
  40 00 00 e8 87 2a 07 00 00 0b 01 04 ec 19 00 da 21 d6 36 2f 00 00 00 c4 eb 19 00 64 00 00 00 5e
  00 b3 00 90 13 78 04 b3 00 00 00 00 00 00 00 08 60 2a 07 e8 87 2a 07 80 13 78 04 00 00 0b 01 2f
packet 22:
  04 0a 01 b8 eb 19 00 00 01 00 00 c4 eb 19 00 00 00 00 00 c5 eb 19 00 3e 00 00 00 c4 eb 19 00 42
  00 00 00 00 00 00 00 00 00 00 00 00 00 00 00 00 00 00 00 88 eb 19 00 0c 8c e0 70 32 78 e1 70 c4
packet 23:
  40 00 00 60 86 2a 07 00 00 0b 01 04 ec 19 00 da 21 d6 36 2f 00 00 00 c4 eb 19 00 64 00 00 00 5e
  00 ac 00 90 13 78 04 ac 00 00 00 00 00 00 00 08 60 2a 07 60 86 2a 07 80 13 78 04 00 00 0b 01 2f
packet 24:
  04 8a 00 b8 eb 19 00 80 00 00 00 c4 eb 19 00 00 00 00 00 c5 eb 19 00 3e 00 00 00 c4 eb 19 00 42
  00 00 00 00 00 00 00 00 00 00 00 00 00 00 00 00 00 00 00 88 eb 19 00 0c 8c e0 70 32 78 e1 70 c4
packet 25:
  40 00 00 60 86 2a 07 00 00 0b 01 04 ec 19 00 da 21 d6 36 2f 00 00 00 c4 eb 19 00 64 00 00 00 5e
  00 ac 00 90 13 78 04 ac 00 00 00 00 00 00 00 08 60 2a 07 60 86 2a 07 80 13 78 04 00 00 0b 01 2f
packet 26:
  04 4a 00 b8 eb 19 00 40 00 00 00 c4 eb 19 00 00 00 00 00 c5 eb 19 00 3e 00 00 00 c4 eb 19 00 42
  00 00 00 00 00 00 00 00 00 00 00 00 00 00 00 00 00 00 00 88 eb 19 00 0c 8c e0 70 32 78 e1 70 c4
packet 27:
  40 00 00 60 86 2a 07 00 00 0b 01 04 ec 19 00 da 21 d6 36 2f 00 00 00 c4 eb 19 00 64 00 00 00 5e
  00 ac 00 90 13 78 04 ac 00 00 00 00 00 00 00 08 60 2a 07 60 86 2a 07 80 13 78 04 00 00 0b 01 2f
packet 28:
  04 6a 00 b8 eb 19 00 20 00 00 00 c4 eb 19 00 00 00 00 00 c5 eb 19 00 3e 00 00 00 c4 eb 19 00 42
  00 00 00 00 00 00 00 00 00 00 00 00 00 00 00 00 00 00 00 88 eb 19 00 0c 8c e0 70 32 78 e1 70 c4
packet 29:
  40 00 00 60 86 2a 07 00 00 0b 01 04 ec 19 00 da 21 d6 36 2f 00 00 00 c4 eb 19 00 64 00 00 00 5e
  00 ac 00 90 13 78 04 ac 00 00 00 00 00 00 00 08 60 2a 07 60 86 2a 07 80 13 78 04 00 00 0b 01 2f
packet 30:
  04 7a 00 b8 eb 19 00 10 00 00 00 c4 eb 19 00 00 00 00 00 c5 eb 19 00 3e 00 00 00 c4 eb 19 00 42
  00 00 00 00 00 00 00 00 00 00 00 00 00 00 00 00 00 00 00 88 eb 19 00 0c 8c e0 70 32 78 e1 70 c4
packet 31:
  40 00 00 60 86 2a 07 00 00 0b 01 04 ec 19 00 da 21 d6 36 2f 00 00 00 c4 eb 19 00 64 00 00 00 5e
  00 ac 00 90 13 78 04 ac 00 00 00 00 00 00 00 08 60 2a 07 60 86 2a 07 80 13 78 04 00 00 0b 01 2f
packet 32:
  04 72 00 b8 eb 19 00 08 00 00 00 c4 eb 19 00 00 00 00 00 c5 eb 19 00 3e 00 00 00 c4 eb 19 00 42
  00 00 00 00 00 00 00 00 00 00 00 00 00 00 00 00 00 00 00 88 eb 19 00 0c 8c e0 70 32 78 e1 70 c4
packet 33:
  40 00 00 e8 87 2a 07 00 00 0b 01 04 ec 19 00 da 21 d6 36 2f 00 00 00 c4 eb 19 00 64 00 00 00 5e
  00 b3 00 90 13 78 04 b3 00 00 00 00 00 00 00 08 60 2a 07 e8 87 2a 07 80 13 78 04 00 00 0b 01 2f
packet 34:
  40 00 00 60 86 2a 07 00 00 0b 01 3c ec 19 00 1a 20 d6 36 2f 00 00 00 04 ec 19 00 64 00 00 00 5e
  00 ac 00 90 13 78 04 ac 00 00 00 00 00 00 00 08 60 2a 07 60 86 2a 07 80 13 78 04 00 00 0b 01 2f
packet 35:
  40 00 00 60 86 2a 07 00 00 0b 01 3c ec 19 00 1a 20 d6 36 2f 00 00 00 04 ec 19 00 64 00 00 00 5e
  00 ac 00 90 13 78 04 ac 00 00 00 00 00 00 00 08 60 2a 07 60 86 2a 07 80 13 78 04 00 00 0b 01 2f
packet 36:
  40 00 00 60 86 2a 07 00 00 0b 01 3c ec 19 00 1a 20 d6 36 2f 00 00 00 04 ec 19 00 64 00 00 00 5e
  00 ac 00 90 13 78 04 ac 00 00 00 00 00 00 00 08 60 2a 07 60 86 2a 07 80 13 78 04 00 00 0b 01 2f
packet 37:
  40 00 00 60 86 2a 07 00 00 0b 01 3c ec 19 00 1a 20 d6 36 2f 00 00 00 04 ec 19 00 64 00 00 00 5e
  00 ac 00 90 13 78 04 ac 00 00 00 00 00 00 00 08 60 2a 07 60 86 2a 07 80 13 78 04 00 00 0b 01 2f
packet 38:
  40 00 00 60 86 2a 07 00 00 0b 01 3c ec 19 00 1a 20 d6 36 2f 00 00 00 04 ec 19 00 64 00 00 00 5e
  00 ac 00 90 13 78 04 ac 00 00 00 00 00 00 00 08 60 2a 07 60 86 2a 07 80 13 78 04 00 00 0b 01 2f
packet 39:
  40 00 00 60 86 2a 07 00 00 0b 01 3c ec 19 00 1a 20 d6 36 2f 00 00 00 04 ec 19 00 64 00 00 00 5e
  00 ac 00 90 13 78 04 ac 00 00 00 00 00 00 00 08 60 2a 07 60 86 2a 07 80 13 78 04 00 00 0b 01 2f
packet 40:
  40 00 00 60 86 2a 07 00 00 0b 01 3c ec 19 00 1a 20 d6 36 2f 00 00 00 04 ec 19 00 64 00 00 00 5e
  00 ac 00 90 13 78 04 ac 00 00 00 00 00 00 00 08 60 2a 07 60 86 2a 07 80 13 78 04 00 00 0b 01 2f
packet 41:
  40 00 00 60 86 2a 07 00 00 0b 01 3c ec 19 00 1a 20 d6 36 2f 00 00 00 04 ec 19 00 64 00 00 00 5e
  00 ac 00 90 13 78 04 ac 00 00 00 00 00 00 00 08 60 2a 07 60 86 2a 07 80 13 78 04 00 00 0b 01 2f
packet 42:
  40 00 00 60 86 2a 07 00 00 0b 01 3c ec 19 00 1a 20 d6 36 2f 00 00 00 04 ec 19 00 64 00 00 00 5e
  00 ac 00 90 13 78 04 ac 00 00 00 00 00 00 00 08 60 2a 07 60 86 2a 07 80 13 78 04 00 00 0b 01 2f
packet 43:
  40 00 00 60 86 2a 07 00 00 0b 01 3c ec 19 00 1a 20 d6 36 2f 00 00 00 04 ec 19 00 64 00 00 00 5e
  00 ac 00 90 13 78 04 ac 00 00 00 00 00 00 00 08 60 2a 07 60 86 2a 07 80 13 78 04 00 00 0b 01 2f
