=== RUN 1 ===
packet 0:
  00 00 00 fc 00 00 00 07 00 00 00 22 10 d6 36 78 db 19 00 60 b0 ea 70 00 00 00 00 a0 b2 ea 70 00
  00 00 00 ec da 19 00 70 e2 19 00 80 46 e3 70 00 00 00 00 2c db 19 00 ae 35 cd 70 07 00 00 00 04
packet 1:
  00 00 00 a8 da 19 00 f9 f6 49 77 00 00 00 00 15 11 8f 00 1f 00 00 00 20 00 00 00 0f 00 00 00 80
  da 19 00 c7 4d b1 76 00 db 19 00 70 1b 4e 77 9e 20 4f 77 e8 33 7c 04 00 00 0b 01 00 00 00 00 00
packet 2:
  01 00 00 85 10 ce 70 00 00 00 00 00 00 00 00 41 00 00 00 00 00 00 00 00 00 00 00 44 08 00 00 41
  00 00 00 41 00 00 00 00 00 00 00 a8 da 19 00 f9 f6 49 77 00 00 00 00 15 11 8f 00 1f 00 00 00 20
packet 3:
  02 00 00 f8 47 0b 01 b7 0b 4f 77 00 00 00 00 00 00 0b 01 f8 17 85 04 c1 01 00 00 08 0e 00 00 00
  00 00 00 02 00 00 00 03 00 00 00 00 00 00 00 00 0e 00 00 00 00 0b 1c 54 d9 19 00 f9 f6 49 77 00
packet 4:
  04 1e 00 00 00 00 00 20 00 00 00 02 00 00 00 00 00 00 00 20 00 00 00 64 00 00 00 d0 df 19 00 f9
  f6 49 77 00 00 00 00 6d 14 8f 00 1f 00 00 00 20 00 00 00 0f 00 00 00 a8 df 19 00 00 00 0b 01 28
packet 5:
  04 32 00 00 00 00 00 10 39 7c 04 2c df 19 00 c4 5f cd 70 10 39 7c 04 1a 14 d6 36 78 b2 ea 70 f7
  08 00 00 4d 60 cd 70 00 00 00 00 bf 02 00 00 33 01 e9 05 d0 60 6f 04 e9 05 00 00 00 00 00 00 e0
packet 6:
  40 00 00 00 82 2a 07 00 00 0b 01 74 df 19 00 6a 15 d6 36 2f 00 00 00 34 df 19 00 64 00 00 00 96
  00 98 00 90 13 78 04 98 00 00 00 00 00 00 00 08 60 2a 07 00 82 2a 07 80 13 78 04 00 00 0b 01 2f
packet 7:
  40 00 00 c0 7c 2a 07 00 00 0b 01 e4 de 19 00 fa 16 d6 36 2f 00 00 00 a4 de 19 00 64 00 00 00 96
  00 80 00 90 13 78 04 80 00 00 00 00 00 00 00 08 60 2a 07 c0 7c 2a 07 80 13 78 04 00 00 0b 01 2f
packet 8:
  40 00 00 10 7e 2a 07 00 00 0b 01 e4 de 19 00 fa 16 d6 36 2f 00 00 00 a4 de 19 00 64 00 00 00 96
  00 86 00 90 13 78 04 86 00 00 00 00 00 00 00 08 60 2a 07 10 7e 2a 07 80 13 78 04 00 00 0b 01 2f
packet 9:
  40 00 00 a0 7d 2a 07 00 00 0b 01 e4 de 19 00 fa 16 d6 36 2f 00 00 00 a4 de 19 00 64 00 00 00 96
  00 84 00 90 13 78 04 84 00 00 00 00 00 00 00 08 60 2a 07 a0 7d 2a 07 80 13 78 04 00 00 0b 01 2f
packet 10:
  40 00 00 88 83 2a 07 00 00 0b 01 e4 de 19 00 fa 16 d6 36 2f 00 00 00 a4 de 19 00 64 00 00 00 96
  00 9f 00 90 13 78 04 9f 00 00 00 00 00 00 00 08 60 2a 07 88 83 2a 07 80 13 78 04 00 00 0b 01 2f
packet 11:
  40 00 00 18 83 2a 07 00 00 0b 01 e4 de 19 00 fa 16 d6 36 2f 00 00 00 a4 de 19 00 64 00 00 00 96
  00 9d 00 90 13 78 04 9d 00 00 00 00 00 00 00 08 60 2a 07 18 83 2a 07 80 13 78 04 00 00 0b 01 2f
packet 12:
  40 00 00 f8 7c 2a 07 00 00 0b 01 e4 de 19 00 fa 16 d6 36 2f 00 00 00 a4 de 19 00 64 00 00 00 96
  00 81 00 90 13 78 04 81 00 00 00 00 00 00 00 08 60 2a 07 f8 7c 2a 07 80 13 78 04 00 00 0b 01 2f
packet 13:
  40 00 00 e8 80 2a 07 00 00 0b 01 e4 de 19 00 fa 16 d6 36 2f 00 00 00 a4 de 19 00 64 00 00 00 96
  00 93 00 90 13 78 04 93 00 00 00 00 00 00 00 08 60 2a 07 e8 80 2a 07 80 13 78 04 00 00 0b 01 2f
packet 14:
  40 00 00 40 80 2a 07 00 00 0b 01 e4 de 19 00 fa 16 d6 36 2f 00 00 00 a4 de 19 00 64 00 00 00 96
  00 90 00 90 13 78 04 90 00 00 00 00 00 00 00 08 60 2a 07 40 80 2a 07 80 13 78 04 00 00 0b 01 2f
packet 15:
  40 00 00 28 7f 2a 07 00 00 0b 01 e4 de 19 00 fa 16 d6 36 2f 00 00 00 a4 de 19 00 64 00 00 00 96
  00 8b 00 90 13 78 04 8b 00 00 00 00 00 00 00 08 60 2a 07 28 7f 2a 07 80 13 78 04 00 00 0b 01 2f
packet 16:
  40 00 00 10 7e 2a 07 00 00 0b 01 e4 de 19 00 fa 16 d6 36 2f 00 00 00 a4 de 19 00 64 00 00 00 96
  00 86 00 90 13 78 04 86 00 00 00 00 00 00 00 08 60 2a 07 10 7e 2a 07 80 13 78 04 00 00 0b 01 2f
packet 17:
  04 0f 00 00 00 00 00 e0 36 7c 04 9c de 19 00 c4 5f cd 70 e0 36 7c 04 aa 15 d6 36 78 b2 ea 70 f7
  08 00 00 4d 60 cd 70 00 00 00 00 bf 02 00 00 33 01 e6 05 d0 60 6f 04 e6 05 00 00 00 00 00 00 e0
packet 18:
  40 00 00 18 83 2a 07 00 00 0b 01 e4 de 19 00 fa 16 d6 36 2f 00 00 00 a4 de 19 00 64 00 00 00 94
  00 9d 00 90 13 78 04 9d 00 00 00 00 00 00 00 08 60 2a 07 18 83 2a 07 80 13 78 04 00 00 0b 01 2f
packet 19:
  40 00 00 d8 7d 2a 07 00 00 0b 01 e4 de 19 00 fa 16 d6 36 2f 00 00 00 a4 de 19 00 64 00 00 00 94
  00 85 00 90 13 78 04 85 00 00 00 00 00 00 00 08 60 2a 07 d8 7d 2a 07 80 13 78 04 00 00 0b 01 2f
packet 20:
  40 00 00 38 82 2a 07 00 00 0b 01 e4 de 19 00 fa 16 d6 36 2f 00 00 00 a4 de 19 00 64 00 00 00 94
  00 99 00 90 13 78 04 99 00 00 00 00 00 00 00 08 60 2a 07 38 82 2a 07 80 13 78 04 00 00 0b 01 2f
packet 21:
  40 00 00 00 82 2a 07 00 00 0b 01 e4 de 19 00 fa 16 d6 36 2f 00 00 00 a4 de 19 00 64 00 00 00 94
  00 98 00 90 13 78 04 98 00 00 00 00 00 00 00 08 60 2a 07 00 82 2a 07 80 13 78 04 00 00 0b 01 2f
packet 22:
  40 00 00 e0 82 2a 07 00 00 0b 01 e4 de 19 00 fa 16 d6 36 2f 00 00 00 a4 de 19 00 64 00 00 00 94
  00 9c 00 90 13 78 04 9c 00 00 00 00 00 00 00 08 60 2a 07 e0 82 2a 07 80 13 78 04 00 00 0b 01 2f
packet 23:
  40 00 00 e8 80 2a 07 00 00 0b 01 e4 de 19 00 fa 16 d6 36 2f 00 00 00 a4 de 19 00 64 00 00 00 94
  00 93 00 90 13 78 04 93 00 00 00 00 00 00 00 08 60 2a 07 e8 80 2a 07 80 13 78 04 00 00 0b 01 2f
packet 24:
  40 00 00 48 7e 2a 07 00 00 0b 01 e4 de 19 00 fa 16 d6 36 2f 00 00 00 a4 de 19 00 64 00 00 00 94
  00 87 00 90 13 78 04 87 00 00 00 00 00 00 00 08 60 2a 07 48 7e 2a 07 80 13 78 04 00 00 0b 01 2f
packet 25:
  40 00 00 28 7f 2a 07 00 00 0b 01 e4 de 19 00 fa 16 d6 36 2f 00 00 00 a4 de 19 00 64 00 00 00 94
  00 8b 00 90 13 78 04 8b 00 00 00 00 00 00 00 08 60 2a 07 28 7f 2a 07 80 13 78 04 00 00 0b 01 2f
packet 26:
  40 00 00 a0 7d 2a 07 00 00 0b 01 e4 de 19 00 fa 16 d6 36 2f 00 00 00 a4 de 19 00 64 00 00 00 94
  00 84 00 90 13 78 04 84 00 00 00 00 00 00 00 08 60 2a 07 a0 7d 2a 07 80 13 78 04 00 00 0b 01 2f
packet 27:
  40 00 00 90 81 2a 07 00 00 0b 01 e4 de 19 00 fa 16 d6 36 2f 00 00 00 a4 de 19 00 64 00 00 00 94
  00 96 00 90 13 78 04 96 00 00 00 00 00 00 00 08 60 2a 07 90 81 2a 07 80 13 78 04 00 00 0b 01 2f
packet 28:
  41 00 00 64 00 00 00 e2 00 34 06 d0 60 6f 04 34 06 00 00 00 00 00 00 e0 48 7b 04 f8 41 7c 04 c0
  60 6f 04 00 00 0b 01 13 00 00 00 28 ea 19 00 aa ec 49 77 00 00 00 00 95 21 8f 00 c0 e8 09 07 01
packet 29:
  42 00 00 00 00 00 00 00 00 00 00 00 00 00 00 00 00 00 00 00 00 00 00 c0 f2 fc ff ff ff ff ff 00
  00 00 00 ac e9 19 00 04 27 04 19 94 ea 19 00 e0 9b b3 76 b4 0c 95 ff fe ff ff ff 14 ea 19 00 4f
packet 30:
  43 00 00 00 00 00 00 00 00 00 00 00 00 00 00 00 00 00 00 00 00 00 00 c0 f2 fc ff ff ff ff ff 00
  00 00 00 ac e9 19 00 04 27 04 19 94 ea 19 00 e0 9b b3 76 b4 0c 95 ff fe ff ff ff 14 ea 19 00 4f
packet 31:
  41 01 00 cd 0e b3 76 c0 db 4e 89 30 08 00 00 00 00 00 00 20 d7 0c 77 24 00 00 00 01 00 00 00 00
  00 00 00 00 00 00 00 00 00 00 00 00 00 00 00 00 00 00 00 00 00 00 00 00 00 00 00 c0 f2 fc ff ff
packet 32:
  40 00 00 7c 92 4d 77 09 23 4f 77 00 00 00 00 08 ea 19 00 00 00 00 00 00 00 00 00 08 ea 19 00 08
  ea 19 00 00 00 0b 01 2c ea 19 00 b0 0e b3 76 00 00 00 00 cd 0e b3 76 e8 db 4e 89 b0 1f 0b 07 00
