=== RUN 1 ===
packet 0:
  40 00 00 38 07 2b 07 00 00 0b 01 dc fc 3f 01 fa 30 f0 37 2f 00 00 00 a4 fc 3f 01 64 00 00 00 5e
  00 f9 02 90 13 78 04 f9 02 00 00 00 00 00 00 08 60 2a 07 38 07 2b 07 80 13 78 04 00 00 0b 01 2f
packet 1:
  40 00 00 00 07 2b 07 00 00 0b 01 dc fc 3f 01 fa 30 f0 37 2f 00 00 00 a4 fc 3f 01 64 00 00 00 5d
  00 f8 02 90 13 78 04 f8 02 00 00 00 00 00 00 08 60 2a 07 00 07 2b 07 80 13 78 04 00 00 0b 01 2f
packet 2:
  40 00 00 50 08 2b 07 00 00 0b 01 dc fc 3f 01 fa 30 f0 37 2f 00 00 00 a4 fc 3f 01 64 00 00 00 5d
  00 fe 02 90 13 78 04 fe 02 00 00 00 00 00 00 08 60 2a 07 50 08 2b 07 80 13 78 04 00 00 0b 01 2f
packet 3:
  40 00 00 08 05 2b 07 00 00 0b 01 dc fc 3f 01 fa 30 f0 37 2f 00 00 00 a4 fc 3f 01 64 00 00 00 5d
  00 ef 02 90 13 78 04 ef 02 00 00 00 00 00 00 08 60 2a 07 08 05 2b 07 80 13 78 04 00 00 0b 01 2f
packet 4:
  40 00 00 88 08 2b 07 00 00 0b 01 dc fc 3f 01 fa 30 f0 37 2f 00 00 00 a4 fc 3f 01 64 00 00 00 5d
  00 ff 02 90 13 78 04 ff 02 00 00 00 00 00 00 08 60 2a 07 88 08 2b 07 80 13 78 04 00 00 0b 01 2f
packet 5:
  40 00 00 f8 01 2b 07 00 00 0b 01 dc fc 3f 01 fa 30 f0 37 2f 00 00 00 a4 fc 3f 01 64 00 00 00 5d
  00 e1 02 90 13 78 04 e1 02 00 00 00 00 00 00 08 60 2a 07 f8 01 2b 07 80 13 78 04 00 00 0b 01 2f
packet 6:
  40 00 00 08 05 2b 07 00 00 0b 01 dc fc 3f 01 fa 30 f0 37 2f 00 00 00 a4 fc 3f 01 64 00 00 00 5d
  00 ef 02 90 13 78 04 ef 02 00 00 00 00 00 00 08 60 2a 07 08 05 2b 07 80 13 78 04 00 00 0b 01 2f
packet 7:
  40 00 00 50 08 2b 07 00 00 0b 01 dc fc 3f 01 fa 30 f0 37 2f 00 00 00 a4 fc 3f 01 64 00 00 00 5d
  00 fe 02 90 13 78 04 fe 02 00 00 00 00 00 00 08 60 2a 07 50 08 2b 07 80 13 78 04 00 00 0b 01 2f
packet 8:
  40 00 00 88 08 2b 07 00 00 0b 01 dc fc 3f 01 fa 30 f0 37 2f 00 00 00 a4 fc 3f 01 64 00 00 00 5d
  00 ff 02 90 13 78 04 ff 02 00 00 00 00 00 00 08 60 2a 07 88 08 2b 07 80 13 78 04 00 00 0b 01 2f
packet 9:
  40 00 00 88 08 2b 07 00 00 0b 01 dc fc 3f 01 fa 30 f0 37 2f 00 00 00 a4 fc 3f 01 64 00 00 00 5d
  00 ff 02 90 13 78 04 ff 02 00 00 00 00 00 00 08 60 2a 07 88 08 2b 07 80 13 78 04 00 00 0b 01 2f
packet 10:
  40 00 00 08 05 2b 07 00 00 0b 01 dc fc 3f 01 fa 30 f0 37 2f 00 00 00 a4 fc 3f 01 64 00 00 00 5d
  00 ef 02 90 13 78 04 ef 02 00 00 00 00 00 00 08 60 2a 07 08 05 2b 07 80 13 78 04 00 00 0b 01 2f
packet 11:
  40 00 00 e8 05 2b 07 00 00 0b 01 dc fc 3f 01 fa 30 f0 37 2f 00 00 00 a4 fc 3f 01 64 00 00 00 5d
  00 f3 02 90 13 78 04 f3 02 00 00 00 00 00 00 08 60 2a 07 e8 05 2b 07 80 13 78 04 00 00 0b 01 2f
packet 12:
  40 00 00 b8 03 2b 07 00 00 0b 01 dc fc 3f 01 fa 30 f0 37 2f 00 00 00 a4 fc 3f 01 64 00 00 00 5c
  00 e9 02 90 13 78 04 e9 02 00 00 00 00 00 00 08 60 2a 07 b8 03 2b 07 80 13 78 04 00 00 0b 01 2f
packet 13:
  40 00 00 08 05 2b 07 00 00 0b 01 dc fc 3f 01 fa 30 f0 37 2f 00 00 00 a4 fc 3f 01 64 00 00 00 5c
  00 ef 02 90 13 78 04 ef 02 00 00 00 00 00 00 08 60 2a 07 08 05 2b 07 80 13 78 04 00 00 0b 01 2f
packet 14:
  40 00 00 90 06 2b 07 00 00 0b 01 dc fc 3f 01 fa 30 f0 37 2f 00 00 00 a4 fc 3f 01 64 00 00 00 5d
  00 f6 02 90 13 78 04 f6 02 00 00 00 00 00 00 08 60 2a 07 90 06 2b 07 80 13 78 04 00 00 0b 01 2f
packet 15:
  40 00 00 90 06 2b 07 00 00 0b 01 dc fc 3f 01 fa 30 f0 37 2f 00 00 00 a4 fc 3f 01 64 00 00 00 5d
  00 f6 02 90 13 78 04 f6 02 00 00 00 00 00 00 08 60 2a 07 90 06 2b 07 80 13 78 04 00 00 0b 01 2f
packet 16:
  40 00 00 08 05 2b 07 00 00 0b 01 dc fc 3f 01 fa 30 f0 37 2f 00 00 00 a4 fc 3f 01 64 00 00 00 5d
  00 ef 02 90 13 78 04 ef 02 00 00 00 00 00 00 08 60 2a 07 08 05 2b 07 80 13 78 04 00 00 0b 01 2f
packet 17:
  40 00 00 00 07 2b 07 00 00 0b 01 dc fc 3f 01 fa 30 f0 37 2f 00 00 00 a4 fc 3f 01 64 00 00 00 5d
  00 f8 02 90 13 78 04 f8 02 00 00 00 00 00 00 08 60 2a 07 00 07 2b 07 80 13 78 04 00 00 0b 01 2f
packet 18:
  40 00 00 28 04 2b 07 00 00 0b 01 dc fc 3f 01 fa 30 f0 37 2f 00 00 00 a4 fc 3f 01 64 00 00 00 5d
  00 eb 02 90 13 78 04 eb 02 00 00 00 00 00 00 08 60 2a 07 28 04 2b 07 80 13 78 04 00 00 0b 01 2f
packet 19:
  40 00 00 28 04 2b 07 00 00 0b 01 dc fc 3f 01 fa 30 f0 37 2f 00 00 00 a4 fc 3f 01 64 00 00 00 5d
  00 eb 02 90 13 78 04 eb 02 00 00 00 00 00 00 08 60 2a 07 28 04 2b 07 80 13 78 04 00 00 0b 01 2f

=== RUN 2 ===
packet 0:
  40 00 00 e8 87 2a 07 00 00 0b 01 dc fc 47 01 fa 30 88 37 2f 00 00 00 a4 fc 47 01 64 00 00 00 54
  00 b3 00 90 13 78 04 b3 00 00 00 00 00 00 00 08 60 2a 07 e8 87 2a 07 80 13 78 04 00 00 0b 01 2f
packet 1:
  40 00 00 60 86 2a 07 00 00 0b 01 dc fc 47 01 fa 30 88 37 2f 00 00 00 a4 fc 47 01 64 00 00 00 55
  00 ac 00 90 13 78 04 ac 00 00 00 00 00 00 00 08 60 2a 07 60 86 2a 07 80 13 78 04 00 00 0b 01 2f
packet 2:
  40 00 00 68 02 2b 07 00 00 0b 01 dc fc 47 01 fa 30 88 37 2f 00 00 00 a4 fc 47 01 64 00 00 00 56
  00 e3 02 90 13 78 04 e3 02 00 00 00 00 00 00 08 60 2a 07 68 02 2b 07 80 13 78 04 00 00 0b 01 2f
packet 3:
  40 00 00 08 05 2b 07 00 00 0b 01 dc fc 47 01 fa 30 88 37 2f 00 00 00 a4 fc 47 01 64 00 00 00 56
  00 ef 02 90 13 78 04 ef 02 00 00 00 00 00 00 08 60 2a 07 08 05 2b 07 80 13 78 04 00 00 0b 01 2f
packet 4:
  40 00 00 08 05 2b 07 00 00 0b 01 dc fc 47 01 fa 30 88 37 2f 00 00 00 a4 fc 47 01 64 00 00 00 55
  00 ef 02 90 13 78 04 ef 02 00 00 00 00 00 00 08 60 2a 07 08 05 2b 07 80 13 78 04 00 00 0b 01 2f
packet 5:
  40 00 00 38 07 2b 07 00 00 0b 01 dc fc 47 01 fa 30 88 37 2f 00 00 00 a4 fc 47 01 64 00 00 00 55
  00 f9 02 90 13 78 04 f9 02 00 00 00 00 00 00 08 60 2a 07 38 07 2b 07 80 13 78 04 00 00 0b 01 2f
packet 6:
  40 00 00 38 07 2b 07 00 00 0b 01 dc fc 47 01 fa 30 88 37 2f 00 00 00 a4 fc 47 01 64 00 00 00 55
  00 f9 02 90 13 78 04 f9 02 00 00 00 00 00 00 08 60 2a 07 38 07 2b 07 80 13 78 04 00 00 0b 01 2f
packet 7:
  40 00 00 38 07 2b 07 00 00 0b 01 dc fc 47 01 fa 30 88 37 2f 00 00 00 a4 fc 47 01 64 00 00 00 55
  00 f9 02 90 13 78 04 f9 02 00 00 00 00 00 00 08 60 2a 07 38 07 2b 07 80 13 78 04 00 00 0b 01 2f
packet 8:
  40 00 00 d8 02 2b 07 00 00 0b 01 dc fc 47 01 fa 30 88 37 2f 00 00 00 a4 fc 47 01 64 00 00 00 55
  00 e5 02 90 13 78 04 e5 02 00 00 00 00 00 00 08 60 2a 07 d8 02 2b 07 80 13 78 04 00 00 0b 01 2f
packet 9:
  40 00 00 20 06 2b 07 00 00 0b 01 dc fc 47 01 fa 30 88 37 2f 00 00 00 a4 fc 47 01 64 00 00 00 55
  00 f4 02 90 13 78 04 f4 02 00 00 00 00 00 00 08 60 2a 07 20 06 2b 07 80 13 78 04 00 00 0b 01 2f
packet 10:
  40 00 00 08 05 2b 07 00 00 0b 01 dc fc 47 01 fa 30 88 37 2f 00 00 00 a4 fc 47 01 64 00 00 00 55
  00 ef 02 90 13 78 04 ef 02 00 00 00 00 00 00 08 60 2a 07 08 05 2b 07 80 13 78 04 00 00 0b 01 2f
packet 11:
  40 00 00 18 08 2b 07 00 00 0b 01 dc fc 47 01 fa 30 88 37 2f 00 00 00 a4 fc 47 01 64 00 00 00 55
  00 fd 02 90 13 78 04 fd 02 00 00 00 00 00 00 08 60 2a 07 18 08 2b 07 80 13 78 04 00 00 0b 01 2f
packet 12:
  40 00 00 18 08 2b 07 00 00 0b 01 dc fc 47 01 fa 30 88 37 2f 00 00 00 a4 fc 47 01 64 00 00 00 54
  00 fd 02 90 13 78 04 fd 02 00 00 00 00 00 00 08 60 2a 07 18 08 2b 07 80 13 78 04 00 00 0b 01 2f
packet 13:
  40 00 00 f8 01 2b 07 00 00 0b 01 dc fc 47 01 fa 30 88 37 2f 00 00 00 a4 fc 47 01 64 00 00 00 55
  00 e1 02 90 13 78 04 e1 02 00 00 00 00 00 00 08 60 2a 07 f8 01 2b 07 80 13 78 04 00 00 0b 01 2f
packet 14:
  40 00 00 08 05 2b 07 00 00 0b 01 dc fc 47 01 fa 30 88 37 2f 00 00 00 a4 fc 47 01 64 00 00 00 55
  00 ef 02 90 13 78 04 ef 02 00 00 00 00 00 00 08 60 2a 07 08 05 2b 07 80 13 78 04 00 00 0b 01 2f
packet 15:
  40 00 00 18 08 2b 07 00 00 0b 01 dc fc 47 01 fa 30 88 37 2f 00 00 00 a4 fc 47 01 64 00 00 00 55
  00 fd 02 90 13 78 04 fd 02 00 00 00 00 00 00 08 60 2a 07 18 08 2b 07 80 13 78 04 00 00 0b 01 2f
packet 16:
  40 00 00 68 02 2b 07 00 00 0b 01 dc fc 47 01 fa 30 88 37 2f 00 00 00 a4 fc 47 01 64 00 00 00 55
  00 e3 02 90 13 78 04 e3 02 00 00 00 00 00 00 08 60 2a 07 68 02 2b 07 80 13 78 04 00 00 0b 01 2f
packet 17:
  40 00 00 f8 01 2b 07 00 00 0b 01 dc fc 47 01 fa 30 88 37 2f 00 00 00 a4 fc 47 01 64 00 00 00 55
  00 e1 02 90 13 78 04 e1 02 00 00 00 00 00 00 08 60 2a 07 f8 01 2b 07 80 13 78 04 00 00 0b 01 2f
packet 18:
  40 00 00 08 05 2b 07 00 00 0b 01 dc fc 47 01 fa 30 88 37 2f 00 00 00 a4 fc 47 01 64 00 00 00 54
  00 ef 02 90 13 78 04 ef 02 00 00 00 00 00 00 08 60 2a 07 08 05 2b 07 80 13 78 04 00 00 0b 01 2f
packet 19:
  40 00 00 88 08 2b 07 00 00 0b 01 dc fc 47 01 fa 30 88 37 2f 00 00 00 a4 fc 47 01 64 00 00 00 55
  00 ff 02 90 13 78 04 ff 02 00 00 00 00 00 00 08 60 2a 07 88 08 2b 07 80 13 78 04 00 00 0b 01 2f

=== RUN 3 ===
packet 0:
  40 00 00 70 89 2a 07 00 00 0b 01 dc fc 4f 01 fa 30 80 37 2f 00 00 00 a4 fc 4f 01 64 00 00 00 55
  00 ba 00 90 13 78 04 ba 00 00 00 00 00 00 00 08 60 2a 07 70 89 2a 07 80 13 78 04 00 00 0b 01 2f
packet 1:
  40 00 00 70 89 2a 07 00 00 0b 01 dc fc 4f 01 fa 30 80 37 2f 00 00 00 a4 fc 4f 01 64 00 00 00 55
  00 ba 00 90 13 78 04 ba 00 00 00 00 00 00 00 08 60 2a 07 70 89 2a 07 80 13 78 04 00 00 0b 01 2f
packet 2:
  40 00 00 d8 02 2b 07 00 00 0b 01 dc fc 4f 01 fa 30 80 37 2f 00 00 00 a4 fc 4f 01 64 00 00 00 56
  00 e5 02 90 13 78 04 e5 02 00 00 00 00 00 00 08 60 2a 07 d8 02 2b 07 80 13 78 04 00 00 0b 01 2f
packet 3:
  40 00 00 08 05 2b 07 00 00 0b 01 dc fc 4f 01 fa 30 80 37 2f 00 00 00 a4 fc 4f 01 64 00 00 00 56
  00 ef 02 90 13 78 04 ef 02 00 00 00 00 00 00 08 60 2a 07 08 05 2b 07 80 13 78 04 00 00 0b 01 2f
packet 4:
  40 00 00 78 05 2b 07 00 00 0b 01 dc fc 4f 01 fa 30 80 37 2f 00 00 00 a4 fc 4f 01 64 00 00 00 56
  00 f1 02 90 13 78 04 f1 02 00 00 00 00 00 00 08 60 2a 07 78 05 2b 07 80 13 78 04 00 00 0b 01 2f
packet 5:
  40 00 00 68 02 2b 07 00 00 0b 01 dc fc 4f 01 fa 30 80 37 2f 00 00 00 a4 fc 4f 01 64 00 00 00 56
  00 e3 02 90 13 78 04 e3 02 00 00 00 00 00 00 08 60 2a 07 68 02 2b 07 80 13 78 04 00 00 0b 01 2f
packet 6:
  40 00 00 38 07 2b 07 00 00 0b 01 dc fc 4f 01 fa 30 80 37 2f 00 00 00 a4 fc 4f 01 64 00 00 00 56
  00 f9 02 90 13 78 04 f9 02 00 00 00 00 00 00 08 60 2a 07 38 07 2b 07 80 13 78 04 00 00 0b 01 2f
packet 7:
  40 00 00 e8 05 2b 07 00 00 0b 01 dc fc 4f 01 fa 30 80 37 2f 00 00 00 a4 fc 4f 01 64 00 00 00 56
  00 f3 02 90 13 78 04 f3 02 00 00 00 00 00 00 08 60 2a 07 e8 05 2b 07 80 13 78 04 00 00 0b 01 2f
packet 8:
  40 00 00 08 05 2b 07 00 00 0b 01 dc fc 4f 01 fa 30 80 37 2f 00 00 00 a4 fc 4f 01 64 00 00 00 56
  00 ef 02 90 13 78 04 ef 02 00 00 00 00 00 00 08 60 2a 07 08 05 2b 07 80 13 78 04 00 00 0b 01 2f
packet 9:
  40 00 00 90 06 2b 07 00 00 0b 01 dc fc 4f 01 fa 30 80 37 2f 00 00 00 a4 fc 4f 01 64 00 00 00 56
  00 f6 02 90 13 78 04 f6 02 00 00 00 00 00 00 08 60 2a 07 90 06 2b 07 80 13 78 04 00 00 0b 01 2f
packet 10:
  40 00 00 88 08 2b 07 00 00 0b 01 dc fc 4f 01 fa 30 80 37 2f 00 00 00 a4 fc 4f 01 64 00 00 00 56
  00 ff 02 90 13 78 04 ff 02 00 00 00 00 00 00 08 60 2a 07 88 08 2b 07 80 13 78 04 00 00 0b 01 2f
packet 11:
  40 00 00 18 08 2b 07 00 00 0b 01 dc fc 4f 01 fa 30 80 37 2f 00 00 00 a4 fc 4f 01 64 00 00 00 56
  00 fd 02 90 13 78 04 fd 02 00 00 00 00 00 00 08 60 2a 07 18 08 2b 07 80 13 78 04 00 00 0b 01 2f
packet 12:
  40 00 00 58 06 2b 07 00 00 0b 01 dc fc 4f 01 fa 30 80 37 2f 00 00 00 a4 fc 4f 01 64 00 00 00 55
  00 f5 02 90 13 78 04 f5 02 00 00 00 00 00 00 08 60 2a 07 58 06 2b 07 80 13 78 04 00 00 0b 01 2f
packet 13:
  40 00 00 f8 01 2b 07 00 00 0b 01 dc fc 4f 01 fa 30 80 37 2f 00 00 00 a4 fc 4f 01 64 00 00 00 56
  00 e1 02 90 13 78 04 e1 02 00 00 00 00 00 00 08 60 2a 07 f8 01 2b 07 80 13 78 04 00 00 0b 01 2f
packet 14:
  40 00 00 f8 01 2b 07 00 00 0b 01 dc fc 4f 01 fa 30 80 37 2f 00 00 00 a4 fc 4f 01 64 00 00 00 56
  00 e1 02 90 13 78 04 e1 02 00 00 00 00 00 00 08 60 2a 07 f8 01 2b 07 80 13 78 04 00 00 0b 01 2f
packet 15:
  40 00 00 18 08 2b 07 00 00 0b 01 dc fc 4f 01 fa 30 80 37 2f 00 00 00 a4 fc 4f 01 64 00 00 00 56
  00 fd 02 90 13 78 04 fd 02 00 00 00 00 00 00 08 60 2a 07 18 08 2b 07 80 13 78 04 00 00 0b 01 2f
packet 16:
  40 00 00 a8 07 2b 07 00 00 0b 01 dc fc 4f 01 fa 30 80 37 2f 00 00 00 a4 fc 4f 01 64 00 00 00 56
  00 fb 02 90 13 78 04 fb 02 00 00 00 00 00 00 08 60 2a 07 a8 07 2b 07 80 13 78 04 00 00 0b 01 2f
packet 17:
  40 00 00 90 06 2b 07 00 00 0b 01 dc fc 4f 01 fa 30 80 37 2f 00 00 00 a4 fc 4f 01 64 00 00 00 56
  00 f6 02 90 13 78 04 f6 02 00 00 00 00 00 00 08 60 2a 07 90 06 2b 07 80 13 78 04 00 00 0b 01 2f
packet 18:
  40 00 00 68 02 2b 07 00 00 0b 01 dc fc 4f 01 fa 30 80 37 2f 00 00 00 a4 fc 4f 01 64 00 00 00 56
  00 e3 02 90 13 78 04 e3 02 00 00 00 00 00 00 08 60 2a 07 68 02 2b 07 80 13 78 04 00 00 0b 01 2f
packet 19:
  40 00 00 08 05 2b 07 00 00 0b 01 dc fc 4f 01 fa 30 80 37 2f 00 00 00 a4 fc 4f 01 64 00 00 00 56
  00 ef 02 90 13 78 04 ef 02 00 00 00 00 00 00 08 60 2a 07 08 05 2b 07 80 13 78 04 00 00 0b 01 2f

=== RUN 4 ===
packet 0:
  40 00 00 90 3b 62 04 00 00 0b 01 dc fc 47 01 fa 30 88 37 2f 00 00 00 a4 fc 47 01 64 00 00 00 01
  00 02 00 78 26 7a 04 02 00 00 00 00 00 00 00 f8 3a 62 04 90 3b 62 04 68 26 7a 04 00 00 0b 01 2f
packet 1:
  40 00 00 90 3b 62 04 00 00 0b 01 dc fc 47 01 fa 30 88 37 2f 00 00 00 a4 fc 47 01 64 00 00 00 02
  00 02 00 78 26 7a 04 02 00 00 00 00 00 00 00 f8 3a 62 04 90 3b 62 04 68 26 7a 04 00 00 0b 01 2f
packet 2:
  40 00 00 c8 3b 62 04 00 00 0b 01 dc fc 47 01 fa 30 88 37 2f 00 00 00 a4 fc 47 01 64 00 00 00 02
  00 03 00 78 26 7a 04 03 00 00 00 00 00 00 00 f8 3a 62 04 c8 3b 62 04 68 26 7a 04 00 00 0b 01 2f
packet 3:
  40 00 00 20 3b 62 04 00 00 0b 01 dc fc 47 01 fa 30 88 37 2f 00 00 00 a4 fc 47 01 64 00 00 00 02
  00 00 00 78 26 7a 04 00 00 00 00 00 00 00 00 f8 3a 62 04 20 3b 62 04 68 26 7a 04 00 00 0b 01 2f
packet 4:
  40 00 00 90 3b 62 04 00 00 0b 01 dc fc 47 01 fa 30 88 37 2f 00 00 00 a4 fc 47 01 64 00 00 00 02
  00 02 00 78 26 7a 04 02 00 00 00 00 00 00 00 f8 3a 62 04 90 3b 62 04 68 26 7a 04 00 00 0b 01 2f
packet 5:
  40 00 00 20 3b 62 04 00 00 0b 01 dc fc 47 01 fa 30 88 37 2f 00 00 00 a4 fc 47 01 64 00 00 00 02
  00 00 00 78 26 7a 04 00 00 00 00 00 00 00 00 f8 3a 62 04 20 3b 62 04 68 26 7a 04 00 00 0b 01 2f
packet 6:
  40 00 00 20 3b 62 04 00 00 0b 01 dc fc 47 01 fa 30 88 37 2f 00 00 00 a4 fc 47 01 64 00 00 00 02
  00 00 00 78 26 7a 04 00 00 00 00 00 00 00 00 f8 3a 62 04 20 3b 62 04 68 26 7a 04 00 00 0b 01 2f
packet 7:
  40 00 00 20 3b 62 04 00 00 0b 01 dc fc 47 01 fa 30 88 37 2f 00 00 00 a4 fc 47 01 64 00 00 00 02
  00 00 00 78 26 7a 04 00 00 00 00 00 00 00 00 f8 3a 62 04 20 3b 62 04 68 26 7a 04 00 00 0b 01 2f
packet 8:
  40 00 00 90 3b 62 04 00 00 0b 01 dc fc 47 01 fa 30 88 37 2f 00 00 00 a4 fc 47 01 64 00 00 00 02
  00 02 00 78 26 7a 04 02 00 00 00 00 00 00 00 f8 3a 62 04 90 3b 62 04 68 26 7a 04 00 00 0b 01 2f
packet 9:
  40 00 00 20 3b 62 04 00 00 0b 01 dc fc 47 01 fa 30 88 37 2f 00 00 00 a4 fc 47 01 64 00 00 00 02
  00 00 00 78 26 7a 04 00 00 00 00 00 00 00 00 f8 3a 62 04 20 3b 62 04 68 26 7a 04 00 00 0b 01 2f
packet 10:
  40 00 00 90 3b 62 04 00 00 0b 01 dc fc 47 01 fa 30 88 37 2f 00 00 00 a4 fc 47 01 64 00 00 00 02
  00 02 00 78 26 7a 04 02 00 00 00 00 00 00 00 f8 3a 62 04 90 3b 62 04 68 26 7a 04 00 00 0b 01 2f
packet 11:
  40 00 00 20 3b 62 04 00 00 0b 01 dc fc 47 01 fa 30 88 37 2f 00 00 00 a4 fc 47 01 64 00 00 00 02
  00 00 00 78 26 7a 04 00 00 00 00 00 00 00 00 f8 3a 62 04 20 3b 62 04 68 26 7a 04 00 00 0b 01 2f
packet 12:
  40 00 00 90 3b 62 04 00 00 0b 01 dc fc 47 01 fa 30 88 37 2f 00 00 00 a4 fc 47 01 64 00 00 00 02
  00 02 00 78 26 7a 04 02 00 00 00 00 00 00 00 f8 3a 62 04 90 3b 62 04 68 26 7a 04 00 00 0b 01 2f
packet 13:
  40 00 00 90 3b 62 04 00 00 0b 01 dc fc 47 01 fa 30 88 37 2f 00 00 00 a4 fc 47 01 64 00 00 00 02
  00 02 00 78 26 7a 04 02 00 00 00 00 00 00 00 f8 3a 62 04 90 3b 62 04 68 26 7a 04 00 00 0b 01 2f
packet 14:
  40 00 00 20 3b 62 04 00 00 0b 01 dc fc 47 01 fa 30 88 37 2f 00 00 00 a4 fc 47 01 64 00 00 00 02
  00 00 00 78 26 7a 04 00 00 00 00 00 00 00 00 f8 3a 62 04 20 3b 62 04 68 26 7a 04 00 00 0b 01 2f
packet 15:
  40 00 00 c8 3b 62 04 00 00 0b 01 dc fc 47 01 fa 30 88 37 2f 00 00 00 a4 fc 47 01 64 00 00 00 02
  00 03 00 78 26 7a 04 03 00 00 00 00 00 00 00 f8 3a 62 04 c8 3b 62 04 68 26 7a 04 00 00 0b 01 2f
packet 16:
  40 00 00 90 3b 62 04 00 00 0b 01 dc fc 47 01 fa 30 88 37 2f 00 00 00 a4 fc 47 01 64 00 00 00 02
  00 02 00 78 26 7a 04 02 00 00 00 00 00 00 00 f8 3a 62 04 90 3b 62 04 68 26 7a 04 00 00 0b 01 2f
packet 17:
  40 00 00 20 3b 62 04 00 00 0b 01 dc fc 47 01 fa 30 88 37 2f 00 00 00 a4 fc 47 01 64 00 00 00 02
  00 00 00 78 26 7a 04 00 00 00 00 00 00 00 00 f8 3a 62 04 20 3b 62 04 68 26 7a 04 00 00 0b 01 2f
packet 18:
  40 00 00 90 3b 62 04 00 00 0b 01 dc fc 47 01 fa 30 88 37 2f 00 00 00 a4 fc 47 01 64 00 00 00 02
  00 02 00 78 26 7a 04 02 00 00 00 00 00 00 00 f8 3a 62 04 90 3b 62 04 68 26 7a 04 00 00 0b 01 2f
packet 19:
  40 00 00 20 3b 62 04 00 00 0b 01 dc fc 47 01 fa 30 88 37 2f 00 00 00 a4 fc 47 01 64 00 00 00 02
  00 00 00 78 26 7a 04 00 00 00 00 00 00 00 00 f8 3a 62 04 20 3b 62 04 68 26 7a 04 00 00 0b 01 2f

=== RUN 5 ===
packet 0:
  40 00 00 00 3a 62 04 00 00 0b 01 dc fc 47 01 fa 30 88 37 2f 00 00 00 a4 fc 47 01 64 00 00 00 01
  00 06 00 68 ec 78 04 06 00 00 00 00 00 00 00 88 38 62 04 00 3a 62 04 58 ec 78 04 00 00 0b 01 2f
packet 1:
  40 00 00 e8 38 62 04 00 00 0b 01 dc fc 47 01 fa 30 88 37 2f 00 00 00 a4 fc 47 01 64 00 00 00 02
  00 01 00 68 ec 78 04 01 00 00 00 00 00 00 00 88 38 62 04 e8 38 62 04 58 ec 78 04 00 00 0b 01 2f
packet 2:
  40 00 00 00 3a 62 04 00 00 0b 01 dc fc 47 01 fa 30 88 37 2f 00 00 00 a4 fc 47 01 64 00 00 00 02
  00 06 00 68 ec 78 04 06 00 00 00 00 00 00 00 88 38 62 04 00 3a 62 04 58 ec 78 04 00 00 0b 01 2f
packet 3:
  40 00 00 e8 38 62 04 00 00 0b 01 dc fc 47 01 fa 30 88 37 2f 00 00 00 a4 fc 47 01 64 00 00 00 02
  00 01 00 68 ec 78 04 01 00 00 00 00 00 00 00 88 38 62 04 e8 38 62 04 58 ec 78 04 00 00 0b 01 2f
packet 4:
  40 00 00 38 3a 62 04 00 00 0b 01 dc fc 47 01 fa 30 88 37 2f 00 00 00 a4 fc 47 01 64 00 00 00 02
  00 07 00 68 ec 78 04 07 00 00 00 00 00 00 00 88 38 62 04 38 3a 62 04 58 ec 78 04 00 00 0b 01 2f
packet 5:
  40 00 00 38 3a 62 04 00 00 0b 01 dc fc 47 01 fa 30 88 37 2f 00 00 00 a4 fc 47 01 64 00 00 00 02
  00 07 00 68 ec 78 04 07 00 00 00 00 00 00 00 88 38 62 04 38 3a 62 04 58 ec 78 04 00 00 0b 01 2f
packet 6:
  40 00 00 00 3a 62 04 00 00 0b 01 dc fc 47 01 fa 30 88 37 2f 00 00 00 a4 fc 47 01 64 00 00 00 02
  00 06 00 68 ec 78 04 06 00 00 00 00 00 00 00 88 38 62 04 00 3a 62 04 58 ec 78 04 00 00 0b 01 2f
packet 7:
  40 00 00 00 3a 62 04 00 00 0b 01 dc fc 47 01 fa 30 88 37 2f 00 00 00 a4 fc 47 01 64 00 00 00 02
  00 06 00 68 ec 78 04 06 00 00 00 00 00 00 00 88 38 62 04 00 3a 62 04 58 ec 78 04 00 00 0b 01 2f
packet 8:
  40 00 00 00 3a 62 04 00 00 0b 01 dc fc 47 01 fa 30 88 37 2f 00 00 00 a4 fc 47 01 64 00 00 00 02
  00 06 00 68 ec 78 04 06 00 00 00 00 00 00 00 88 38 62 04 00 3a 62 04 58 ec 78 04 00 00 0b 01 2f
packet 9:
  40 00 00 38 3a 62 04 00 00 0b 01 dc fc 47 01 fa 30 88 37 2f 00 00 00 a4 fc 47 01 64 00 00 00 02
  00 07 00 68 ec 78 04 07 00 00 00 00 00 00 00 88 38 62 04 38 3a 62 04 58 ec 78 04 00 00 0b 01 2f
packet 10:
  40 00 00 00 3a 62 04 00 00 0b 01 dc fc 47 01 fa 30 88 37 2f 00 00 00 a4 fc 47 01 64 00 00 00 02
  00 06 00 68 ec 78 04 06 00 00 00 00 00 00 00 88 38 62 04 00 3a 62 04 58 ec 78 04 00 00 0b 01 2f
packet 11:
  40 00 00 00 3a 62 04 00 00 0b 01 dc fc 47 01 fa 30 88 37 2f 00 00 00 a4 fc 47 01 64 00 00 00 02
  00 06 00 68 ec 78 04 06 00 00 00 00 00 00 00 88 38 62 04 00 3a 62 04 58 ec 78 04 00 00 0b 01 2f
packet 12:
  40 00 00 00 3a 62 04 00 00 0b 01 dc fc 47 01 fa 30 88 37 2f 00 00 00 a4 fc 47 01 64 00 00 00 02
  00 06 00 68 ec 78 04 06 00 00 00 00 00 00 00 88 38 62 04 00 3a 62 04 58 ec 78 04 00 00 0b 01 2f
packet 13:
  40 00 00 00 3a 62 04 00 00 0b 01 dc fc 47 01 fa 30 88 37 2f 00 00 00 a4 fc 47 01 64 00 00 00 02
  00 06 00 68 ec 78 04 06 00 00 00 00 00 00 00 88 38 62 04 00 3a 62 04 58 ec 78 04 00 00 0b 01 2f
packet 14:
  40 00 00 00 3a 62 04 00 00 0b 01 dc fc 47 01 fa 30 88 37 2f 00 00 00 a4 fc 47 01 64 00 00 00 02
  00 06 00 68 ec 78 04 06 00 00 00 00 00 00 00 88 38 62 04 00 3a 62 04 58 ec 78 04 00 00 0b 01 2f
packet 15:
  40 00 00 38 3a 62 04 00 00 0b 01 dc fc 47 01 fa 30 88 37 2f 00 00 00 a4 fc 47 01 64 00 00 00 02
  00 07 00 68 ec 78 04 07 00 00 00 00 00 00 00 88 38 62 04 38 3a 62 04 58 ec 78 04 00 00 0b 01 2f
packet 16:
  40 00 00 00 3a 62 04 00 00 0b 01 dc fc 47 01 fa 30 88 37 2f 00 00 00 a4 fc 47 01 64 00 00 00 02
  00 06 00 68 ec 78 04 06 00 00 00 00 00 00 00 88 38 62 04 00 3a 62 04 58 ec 78 04 00 00 0b 01 2f
packet 17:
  40 00 00 38 3a 62 04 00 00 0b 01 dc fc 47 01 fa 30 88 37 2f 00 00 00 a4 fc 47 01 64 00 00 00 02
  00 07 00 68 ec 78 04 07 00 00 00 00 00 00 00 88 38 62 04 38 3a 62 04 58 ec 78 04 00 00 0b 01 2f
packet 18:
  40 00 00 e8 38 62 04 00 00 0b 01 dc fc 47 01 fa 30 88 37 2f 00 00 00 a4 fc 47 01 64 00 00 00 02
  00 01 00 68 ec 78 04 01 00 00 00 00 00 00 00 88 38 62 04 e8 38 62 04 58 ec 78 04 00 00 0b 01 2f
packet 19:
  40 00 00 00 3a 62 04 00 00 0b 01 dc fc 47 01 fa 30 88 37 2f 00 00 00 a4 fc 47 01 64 00 00 00 02
  00 06 00 68 ec 78 04 06 00 00 00 00 00 00 00 88 38 62 04 00 3a 62 04 58 ec 78 04 00 00 0b 01 2f
