=== RUN 1 ===
packet 0:
  41 00 00 64 00 00 00 39 01 e4 05 88 7a 7c 04 e4 05 00 00 00 00 00 00 90 9c 7e 04 28 89 7f 04 78
  7a 7c 04 00 00 04 01 13 00 00 00 e8 e8 19 00 aa ec f5 76 00 00 00 00 69 86 07 f4 d8 d4 7c 04 02
packet 1:
  42 00 00 00 00 00 00 00 00 00 00 00 00 00 00 00 00 00 00 00 00 00 00 c0 f2 fc ff ff ff ff ff 00
  00 00 00 6c e8 19 00 05 58 05 34 54 e9 19 00 30 96 d4 74 42 5f 3e a0 fe ff ff ff d4 e8 19 00 9f
packet 2:
  43 00 00 00 00 00 00 00 00 00 00 00 00 00 00 00 00 00 00 00 00 00 00 c0 f2 fc ff ff ff ff ff 00
  00 00 00 6c e8 19 00 05 58 05 34 54 e9 19 00 30 96 d4 74 42 5f 3e a0 fe ff ff ff d4 e8 19 00 9f
packet 3:
  42 01 00 1d 09 d4 74 46 8c c4 d4 30 08 00 00 00 00 00 00 20 d7 c9 76 24 00 00 00 01 00 00 00 00
  00 00 00 00 00 00 00 00 00 00 00 00 00 00 00 00 00 00 00 00 00 00 00 00 00 00 00 c0 f2 fc ff ff
packet 4:
  40 00 00 7c 92 f9 76 09 23 fb 76 00 00 00 00 c8 e8 19 00 00 00 00 00 00 00 00 00 c8 e8 19 00 c8
  e8 19 00 00 00 04 01 ec e8 19 00 00 09 d4 74 00 00 00 00 1d 09 d4 74 6e 8c c4 d4 78 46 e6 06 00
packet 5:
  04 1e 00 00 00 00 00 20 00 00 00 02 00 00 00 00 00 00 00 20 00 00 00 00 00 00 00 80 e8 19 00 f9
  f6 f5 76 00 00 00 00 01 86 07 f4 1f 00 00 00 20 00 00 00 0f 00 00 00 58 e8 19 00 00 00 04 01 d8

=== RUN 2 ===
packet 0:
  41 00 00 64 00 00 00 3a 01 f5 05 88 7a 7c 04 f5 05 00 00 00 00 00 00 90 9c 7e 04 d0 8b 7f 04 78
  7a 7c 04 00 00 04 01 13 00 00 00 e8 e8 19 00 aa ec f5 76 00 00 00 00 69 86 07 f4 d8 d4 7c 04 02
packet 1:
  42 00 00 00 00 00 00 00 00 00 00 00 00 00 00 00 00 00 00 00 00 00 00 c0 f2 fc ff ff ff ff ff 00
  00 00 00 6c e8 19 00 05 1e 06 c9 54 e9 19 00 30 96 d4 74 42 5f 3e a0 fe ff ff ff d4 e8 19 00 9f
packet 2:
  43 00 00 00 00 00 00 00 00 00 00 00 00 00 00 00 00 00 00 00 00 00 00 c0 f2 fc ff ff ff ff ff 00
  00 00 00 6c e8 19 00 05 1e 06 c9 54 e9 19 00 30 96 d4 74 42 5f 3e a0 fe ff ff ff d4 e8 19 00 9f
packet 3:
  42 01 00 1d 09 d4 74 46 8c c4 d4 30 08 00 00 00 00 00 00 20 d7 c9 76 24 00 00 00 01 00 00 00 00
  00 00 00 00 00 00 00 00 00 00 00 00 00 00 00 00 00 00 00 00 00 00 00 00 00 00 00 c0 f2 fc ff ff
packet 4:
  40 00 00 7c 92 f9 76 09 23 fb 76 00 00 00 00 c8 e8 19 00 00 00 00 00 00 00 00 00 c8 e8 19 00 c8
  e8 19 00 00 00 04 01 ec e8 19 00 00 09 d4 74 00 00 00 00 1d 09 d4 74 6e 8c c4 d4 40 8c 7c 04 00
packet 5:
  04 1e 00 00 00 00 00 20 00 00 00 02 00 00 00 00 00 00 00 20 00 00 00 00 00 00 00 80 e8 19 00 f9
  f6 f5 76 00 00 00 00 01 86 07 f4 1f 00 00 00 20 00 00 00 0f 00 00 00 58 e8 19 00 00 00 04 01 d8

=== RUN 3 ===
packet 0:
  41 00 00 64 00 00 00 11 00 11 00 78 55 7d 04 11 00 00 00 00 00 00 00 80 9e 01 07 50 a1 01 07 68
  55 7d 04 00 00 04 01 13 00 00 00 e8 e8 19 00 aa ec f5 76 00 00 00 00 69 86 07 f4 b0 1a e4 06 02
packet 1:
  42 00 00 00 00 00 00 00 00 00 00 00 00 00 00 00 00 00 00 00 00 00 00 c0 f2 fc ff ff ff ff ff 00
  00 00 00 6c e8 19 00 05 05 06 10 54 e9 19 00 30 96 d4 74 42 5f 3e a0 fe ff ff ff d4 e8 19 00 9f
packet 2:
  43 00 00 00 00 00 00 00 00 00 00 00 00 00 00 00 00 00 00 00 00 00 00 c0 f2 fc ff ff ff ff ff 00
  00 00 00 6c e8 19 00 05 05 06 10 54 e9 19 00 30 96 d4 74 42 5f 3e a0 fe ff ff ff d4 e8 19 00 9f
packet 3:
  42 01 00 1d 09 d4 74 46 8c c4 d4 30 08 00 00 00 00 00 00 20 d7 c9 76 24 00 00 00 01 00 00 00 00
  00 00 00 00 00 00 00 00 00 00 00 00 00 00 00 00 00 00 00 00 00 00 00 00 00 00 00 c0 f2 fc ff ff
packet 4:
  40 00 00 7c 92 f9 76 09 23 fb 76 00 00 00 00 c8 e8 19 00 00 00 00 00 00 00 00 00 c8 e8 19 00 c8
  e8 19 00 00 00 04 01 ec e8 19 00 00 09 d4 74 00 00 00 00 1d 09 d4 74 6e 8c c4 d4 40 8c 7c 04 00
packet 5:
  04 1e 00 00 00 00 00 20 00 00 00 02 00 00 00 00 00 00 00 20 00 00 00 00 00 00 00 80 e8 19 00 f9
  f6 f5 76 00 00 00 00 01 86 07 f4 1f 00 00 00 20 00 00 00 0f 00 00 00 58 e8 19 00 00 00 04 01 d8

=== RUN 4 ===
packet 0:
  41 00 00 64 00 00 00 14 00 13 00 70 20 e3 06 13 00 00 00 00 00 00 00 60 85 04 07 80 88 04 07 60
  20 e3 06 00 00 04 01 13 00 00 00 e8 e8 19 00 aa ec f5 76 00 00 00 00 69 86 07 f4 b0 1a e4 06 02
packet 1:
  42 00 00 00 00 00 00 00 00 00 00 00 00 00 00 00 00 00 00 00 00 00 00 c0 f2 fc ff ff ff ff ff 00
  00 00 00 6c e8 19 00 06 54 06 45 54 e9 19 00 30 96 d4 74 42 5f 3e a0 fe ff ff ff d4 e8 19 00 9f
packet 2:
  43 00 00 00 00 00 00 00 00 00 00 00 00 00 00 00 00 00 00 00 00 00 00 c0 f2 fc ff ff ff ff ff 00
  00 00 00 6c e8 19 00 06 54 06 45 54 e9 19 00 30 96 d4 74 42 5f 3e a0 fe ff ff ff d4 e8 19 00 9f
packet 3:
  42 01 00 1d 09 d4 74 46 8c c4 d4 30 08 00 00 00 00 00 00 20 d7 c9 76 24 00 00 00 01 00 00 00 00
  00 00 00 00 00 00 00 00 00 00 00 00 00 00 00 00 00 00 00 00 00 00 00 00 00 00 00 c0 f2 fc ff ff
packet 4:
  40 00 00 7c 92 f9 76 09 23 fb 76 00 00 00 00 c8 e8 19 00 00 00 00 00 00 00 00 00 c8 e8 19 00 c8
  e8 19 00 00 00 04 01 ec e8 19 00 00 09 d4 74 00 00 00 00 1d 09 d4 74 6e 8c c4 d4 40 8c 7c 04 00
packet 5:
  04 1e 00 00 00 00 00 20 00 00 00 02 00 00 00 00 00 00 00 20 00 00 00 00 00 00 00 80 e8 19 00 f9
  f6 f5 76 00 00 00 00 01 86 07 f4 1f 00 00 00 20 00 00 00 0f 00 00 00 58 e8 19 00 00 00 04 01 d8

=== RUN 5 ===
packet 0:
  41 00 00 64 00 00 00 14 00 08 00 f0 55 7d 04 08 00 00 00 00 00 00 00 e8 9b 89 04 50 9d 89 04 e0
  55 7d 04 00 00 04 01 13 00 00 00 e8 e8 19 00 aa ec f5 76 00 00 00 00 69 86 07 f4 d8 d4 7c 04 02
packet 1:
  42 00 00 00 00 00 00 00 00 00 00 00 00 00 00 00 00 00 00 00 00 00 00 c0 f2 fc ff ff ff ff ff 00
  00 00 00 6c e8 19 00 06 59 06 5b 54 e9 19 00 30 96 d4 74 42 5f 3e a0 fe ff ff ff d4 e8 19 00 9f
packet 2:
  43 00 00 00 00 00 00 00 00 00 00 00 00 00 00 00 00 00 00 00 00 00 00 c0 f2 fc ff ff ff ff ff 00
  00 00 00 6c e8 19 00 06 59 06 5b 54 e9 19 00 30 96 d4 74 42 5f 3e a0 fe ff ff ff d4 e8 19 00 9f
packet 3:
  42 01 00 1d 09 d4 74 46 8c c4 d4 30 08 00 00 00 00 00 00 20 d7 c9 76 24 00 00 00 01 00 00 00 00
  00 00 00 00 00 00 00 00 00 00 00 00 00 00 00 00 00 00 00 00 00 00 00 00 00 00 00 c0 f2 fc ff ff
packet 4:
  40 00 00 7c 92 f9 76 09 23 fb 76 00 00 00 00 c8 e8 19 00 00 00 00 00 00 00 00 00 c8 e8 19 00 c8
  e8 19 00 00 00 04 01 ec e8 19 00 00 09 d4 74 00 00 00 00 1d 09 d4 74 6e 8c c4 d4 f0 6c 7e 04 00
packet 5:
  04 1e 00 00 00 00 00 20 00 00 00 02 00 00 00 00 00 00 00 20 00 00 00 00 00 00 00 80 e8 19 00 f9
  f6 f5 76 00 00 00 00 01 86 07 f4 1f 00 00 00 20 00 00 00 0f 00 00 00 58 e8 19 00 00 00 04 01 d8
