=== RUN 1 ===
packet 0:
  41 00 00 64 00 00 00 55 03 67 05 e0 56 17 01 67 05 00 00 00 00 00 00 38 74 68 04 48 4d 69 04 d0
  56 17 01 00 00 11 01 13 00 00 00 e8 e8 19 00 aa ec f5 76 00 00 00 00 0c 13 f4 72 50 57 75 04 02
packet 1:
  42 00 00 00 00 00 00 00 00 00 00 00 00 00 00 00 00 00 00 00 00 00 00 c0 f2 fc ff ff ff ff ff 00
  00 00 00 6c e8 19 00 0d 64 0e f6 54 e9 19 00 30 96 d4 74 c2 84 e5 52 fe ff ff ff d4 e8 19 00 9f
packet 2:
  43 00 00 00 00 00 00 00 00 00 00 00 00 00 00 00 00 00 00 00 00 00 00 c0 f2 fc ff ff ff ff ff 00
  00 00 00 6c e8 19 00 0d 64 0e f6 54 e9 19 00 30 96 d4 74 c2 84 e5 52 fe ff ff ff d4 e8 19 00 9f
packet 3:
  42 01 00 1d 09 d4 74 c6 57 1f 26 28 08 00 00 00 00 00 00 20 d7 c9 76 24 00 00 00 01 00 00 00 00
  00 00 00 00 00 00 00 00 00 00 00 00 00 00 00 00 00 00 00 00 00 00 00 00 00 00 00 c0 f2 fc ff ff
packet 4:
  40 00 00 7c 92 f9 76 09 23 fb 76 00 00 00 00 c8 e8 19 00 00 00 00 00 00 00 00 00 c8 e8 19 00 c8
  e8 19 00 00 00 11 01 ec e8 19 00 00 09 d4 74 00 00 00 00 1d 09 d4 74 ee 57 1f 26 80 34 e7 06 00
packet 5:
  04 1e 00 00 00 00 00 20 00 00 00 02 00 00 00 00 00 00 00 20 00 00 00 00 00 00 00 80 e8 19 00 f9
  f6 f5 76 00 00 00 00 64 13 f4 72 1f 00 00 00 20 00 00 00 0f 00 00 00 58 e8 19 00 00 00 11 01 d8

=== RUN 2 ===
packet 0:
  41 00 00 64 00 00 00 55 03 6c 05 e0 56 17 01 6c 05 00 00 00 00 00 00 38 74 68 04 10 4e 69 04 d0
  56 17 01 00 00 11 01 13 00 00 00 e8 e8 19 00 aa ec f5 76 00 00 00 00 0c 13 f4 72 20 ea ff 06 02
packet 1:
  42 00 00 00 00 00 00 00 00 00 00 00 00 00 00 00 00 00 00 00 00 00 00 c0 f2 fc ff ff ff ff ff 00
  00 00 00 6c e8 19 00 0e 16 0e 08 54 e9 19 00 30 96 d4 74 c2 84 e5 52 fe ff ff ff d4 e8 19 00 9f
packet 2:
  43 00 00 00 00 00 00 00 00 00 00 00 00 00 00 00 00 00 00 00 00 00 00 c0 f2 fc ff ff ff ff ff 00
  00 00 00 6c e8 19 00 0e 16 0e 08 54 e9 19 00 30 96 d4 74 c2 84 e5 52 fe ff ff ff d4 e8 19 00 9f
packet 3:
  42 01 00 1d 09 d4 74 c6 57 1f 26 28 08 00 00 00 00 00 00 20 d7 c9 76 24 00 00 00 01 00 00 00 00
  00 00 00 00 00 00 00 00 00 00 00 00 00 00 00 00 00 00 00 00 00 00 00 00 00 00 00 c0 f2 fc ff ff
packet 4:
  40 00 00 7c 92 f9 76 09 23 fb 76 00 00 00 00 c8 e8 19 00 00 00 00 00 00 00 00 00 c8 e8 19 00 c8
  e8 19 00 00 00 11 01 ec e8 19 00 00 09 d4 74 00 00 00 00 1d 09 d4 74 ee 57 1f 26 80 34 e7 06 00
packet 5:
  04 1e 00 00 00 00 00 20 00 00 00 02 00 00 00 00 00 00 00 20 00 00 00 00 00 00 00 80 e8 19 00 f9
  f6 f5 76 00 00 00 00 64 13 f4 72 1f 00 00 00 20 00 00 00 0f 00 00 00 58 e8 19 00 00 00 11 01 d8

=== RUN 3 ===
packet 0:
  41 00 00 64 00 00 00 54 03 78 05 e0 56 17 01 78 05 00 00 00 00 00 00 38 74 68 04 f0 4f 69 04 d0
  56 17 01 00 00 11 01 13 00 00 00 e8 e8 19 00 aa ec f5 76 00 00 00 00 0c 13 f4 72 b0 d2 ff 06 02
packet 1:
  42 00 00 00 00 00 00 00 00 00 00 00 00 00 00 00 00 00 00 00 00 00 00 c0 f2 fc ff ff ff ff ff 00
  00 00 00 6c e8 19 00 0e 56 0e 27 54 e9 19 00 30 96 d4 74 c2 84 e5 52 fe ff ff ff d4 e8 19 00 9f
packet 2:
  43 00 00 00 00 00 00 00 00 00 00 00 00 00 00 00 00 00 00 00 00 00 00 c0 f2 fc ff ff ff ff ff 00
  00 00 00 6c e8 19 00 0e 56 0e 27 54 e9 19 00 30 96 d4 74 c2 84 e5 52 fe ff ff ff d4 e8 19 00 9f
packet 3:
  42 01 00 1d 09 d4 74 c6 57 1f 26 28 08 00 00 00 00 00 00 20 d7 c9 76 24 00 00 00 01 00 00 00 00
  00 00 00 00 00 00 00 00 00 00 00 00 00 00 00 00 00 00 00 00 00 00 00 00 00 00 00 c0 f2 fc ff ff
packet 4:
  40 00 00 7c 92 f9 76 09 23 fb 76 00 00 00 00 c8 e8 19 00 00 00 00 00 00 00 00 00 c8 e8 19 00 c8
  e8 19 00 00 00 11 01 ec e8 19 00 00 09 d4 74 00 00 00 00 1d 09 d4 74 ee 57 1f 26 d0 87 4d 04 00
packet 5:
  04 1e 00 00 00 00 00 20 00 00 00 02 00 00 00 00 00 00 00 20 00 00 00 00 00 00 00 80 e8 19 00 f9
  f6 f5 76 00 00 00 00 64 13 f4 72 1f 00 00 00 20 00 00 00 0f 00 00 00 58 e8 19 00 00 00 11 01 d8

=== RUN 4 ===
packet 0:
  41 00 00 64 00 00 00 54 03 73 05 e0 56 17 01 73 05 00 00 00 00 00 00 38 74 68 04 28 4f 69 04 d0
  56 17 01 00 00 11 01 13 00 00 00 e8 e8 19 00 aa ec f5 76 00 00 00 00 0c 13 f4 72 38 e6 ff 06 02
packet 1:
  42 00 00 00 00 00 00 00 00 00 00 00 00 00 00 00 00 00 00 00 00 00 00 c0 f2 fc ff ff ff ff ff 00
  00 00 00 6c e8 19 00 0e a3 0d 81 54 e9 19 00 30 96 d4 74 c2 84 e5 52 fe ff ff ff d4 e8 19 00 9f
packet 2:
  43 00 00 00 00 00 00 00 00 00 00 00 00 00 00 00 00 00 00 00 00 00 00 c0 f2 fc ff ff ff ff ff 00
  00 00 00 6c e8 19 00 0e a3 0d 81 54 e9 19 00 30 96 d4 74 c2 84 e5 52 fe ff ff ff d4 e8 19 00 9f
packet 3:
  42 01 00 1d 09 d4 74 c6 57 1f 26 28 08 00 00 00 00 00 00 20 d7 c9 76 24 00 00 00 01 00 00 00 00
  00 00 00 00 00 00 00 00 00 00 00 00 00 00 00 00 00 00 00 00 00 00 00 00 00 00 00 c0 f2 fc ff ff
packet 4:
  40 00 00 7c 92 f9 76 09 23 fb 76 00 00 00 00 c8 e8 19 00 00 00 00 00 00 00 00 00 c8 e8 19 00 c8
  e8 19 00 00 00 11 01 ec e8 19 00 00 09 d4 74 00 00 00 00 1d 09 d4 74 ee 57 1f 26 d0 87 4d 04 00
packet 5:
  04 1e 00 00 00 00 00 20 00 00 00 02 00 00 00 00 00 00 00 20 00 00 00 00 00 00 00 80 e8 19 00 f9
  f6 f5 76 00 00 00 00 64 13 f4 72 1f 00 00 00 20 00 00 00 0f 00 00 00 58 e8 19 00 00 00 11 01 d8

=== RUN 5 ===
packet 0:
  41 00 00 64 00 00 00 14 00 07 00 90 6f 70 04 07 00 00 00 00 00 00 00 d8 8f 4d 04 18 91 4d 04 80
  6f 70 04 00 00 11 01 13 00 00 00 e8 e8 19 00 aa ec f5 76 00 00 00 00 0c 13 f4 72 80 da ff 06 02
packet 1:
  42 00 00 00 00 00 00 00 00 00 00 00 00 00 00 00 00 00 00 00 00 00 00 c0 f2 fc ff ff ff ff ff 00
  00 00 00 6c e8 19 00 0d 50 0e ee 54 e9 19 00 30 96 d4 74 c2 84 e5 52 fe ff ff ff d4 e8 19 00 9f
packet 2:
  43 00 00 00 00 00 00 00 00 00 00 00 00 00 00 00 00 00 00 00 00 00 00 c0 f2 fc ff ff ff ff ff 00
  00 00 00 6c e8 19 00 0d 50 0e ee 54 e9 19 00 30 96 d4 74 c2 84 e5 52 fe ff ff ff d4 e8 19 00 9f
packet 3:
  42 01 00 1d 09 d4 74 c6 57 1f 26 28 08 00 00 00 00 00 00 20 d7 c9 76 24 00 00 00 01 00 00 00 00
  00 00 00 00 00 00 00 00 00 00 00 00 00 00 00 00 00 00 00 00 00 00 00 00 00 00 00 c0 f2 fc ff ff
packet 4:
  40 00 00 7c 92 f9 76 09 23 fb 76 00 00 00 00 c8 e8 19 00 00 00 00 00 00 00 00 00 c8 e8 19 00 c8
  e8 19 00 00 00 11 01 ec e8 19 00 00 09 d4 74 00 00 00 00 1d 09 d4 74 ee 57 1f 26 80 1b 63 04 00
packet 5:
  04 1e 00 00 00 00 00 20 00 00 00 02 00 00 00 00 00 00 00 20 00 00 00 00 00 00 00 80 e8 19 00 f9
  f6 f5 76 00 00 00 00 64 13 f4 72 1f 00 00 00 20 00 00 00 0f 00 00 00 58 e8 19 00 00 00 11 01 d8
