=== RUN 1 ===
packet 0:
  41 00 00 64 00 00 00 14 00 14 00 78 55 7d 04 14 00 00 00 00 00 00 00 b0 1a e4 06 f8 1d e4 06 68
  55 7d 04 00 00 04 01 13 00 00 00 e8 e8 19 00 aa ec f5 76 00 00 00 00 69 86 07 f4 d8 d4 7c 04 03
packet 1:
  42 00 00 00 00 00 00 00 00 00 00 00 00 00 00 00 00 00 00 00 00 00 00 c0 f2 fc ff ff ff ff ff 00
  00 00 00 6c e8 19 00 07 2f 07 72 54 e9 19 00 30 96 d4 74 42 5f 3e a0 fe ff ff ff d4 e8 19 00 9f
packet 2:
  43 00 00 00 00 00 00 00 00 00 00 00 00 00 00 00 00 00 00 00 00 00 00 c0 f2 fc ff ff ff ff ff 00
  00 00 00 6c e8 19 00 07 2f 07 72 54 e9 19 00 30 96 d4 74 42 5f 3e a0 fe ff ff ff d4 e8 19 00 9f
packet 3:
  43 01 00 1d 09 d4 74 46 8c c4 d4 30 08 00 00 00 00 00 00 20 d7 c9 76 24 00 00 00 01 00 00 00 00
  00 00 00 00 00 00 00 00 00 00 00 00 00 00 00 00 00 00 00 00 00 00 00 00 00 00 00 c0 f2 fc ff ff
packet 4:
  40 00 00 7c 92 f9 76 09 23 fb 76 00 00 00 00 c8 e8 19 00 00 00 00 00 00 00 00 00 c8 e8 19 00 c8
  e8 19 00 00 00 04 01 ec e8 19 00 00 09 d4 74 00 00 00 00 1d 09 d4 74 6e 8c c4 d4 40 db 85 04 00
packet 5:
  04 1e 00 00 00 00 00 20 00 00 00 02 00 00 00 00 00 00 00 20 00 00 00 00 00 00 00 80 e8 19 00 f9
  f6 f5 76 00 00 00 00 01 86 07 f4 1f 00 00 00 20 00 00 00 0f 00 00 00 58 e8 19 00 00 00 04 01 d8

=== RUN 2 ===
packet 0:
  41 00 00 64 00 00 00 14 00 07 00 40 56 7d 04 07 00 00 00 00 00 00 00 28 31 e3 06 68 32 e3 06 30
  56 7d 04 00 00 04 01 13 00 00 00 e8 e8 19 00 aa ec f5 76 00 00 00 00 69 86 07 f4 b0 1a e4 06 03
packet 1:
  42 00 00 00 00 00 00 00 00 00 00 00 00 00 00 00 00 00 00 00 00 00 00 c0 f2 fc ff ff ff ff ff 00
  00 00 00 6c e8 19 00 07 79 07 81 54 e9 19 00 30 96 d4 74 42 5f 3e a0 fe ff ff ff d4 e8 19 00 9f
packet 2:
  43 00 00 00 00 00 00 00 00 00 00 00 00 00 00 00 00 00 00 00 00 00 00 c0 f2 fc ff ff ff ff ff 00
  00 00 00 6c e8 19 00 07 79 07 81 54 e9 19 00 30 96 d4 74 42 5f 3e a0 fe ff ff ff d4 e8 19 00 9f
packet 3:
  43 01 00 1d 09 d4 74 46 8c c4 d4 30 08 00 00 00 00 00 00 20 d7 c9 76 24 00 00 00 01 00 00 00 00
  00 00 00 00 00 00 00 00 00 00 00 00 00 00 00 00 00 00 00 00 00 00 00 00 00 00 00 c0 f2 fc ff ff
packet 4:
  40 00 00 7c 92 f9 76 09 23 fb 76 00 00 00 00 c8 e8 19 00 00 00 00 00 00 00 00 00 c8 e8 19 00 c8
  e8 19 00 00 00 04 01 ec e8 19 00 00 09 d4 74 00 00 00 00 1d 09 d4 74 6e 8c c4 d4 f0 6c 7e 04 00
packet 5:
  04 1e 00 00 00 00 00 20 00 00 00 02 00 00 00 00 00 00 00 20 00 00 00 00 00 00 00 80 e8 19 00 f9
  f6 f5 76 00 00 00 00 01 86 07 f4 1f 00 00 00 20 00 00 00 0f 00 00 00 58 e8 19 00 00 00 04 01 d8

=== RUN 3 ===
packet 0:
  41 00 00 64 00 00 00 04 00 10 00 50 97 7c 04 10 00 00 00 00 00 00 00 28 31 e3 06 d0 33 e3 06 40
  97 7c 04 00 00 04 01 13 00 00 00 e8 e8 19 00 aa ec f5 76 00 00 00 00 69 86 07 f4 b0 1a e4 06 03
packet 1:
  42 00 00 00 00 00 00 00 00 00 00 00 00 00 00 00 00 00 00 00 00 00 00 c0 f2 fc ff ff ff ff ff 00
  00 00 00 6c e8 19 00 07 6f 07 69 54 e9 19 00 30 96 d4 74 42 5f 3e a0 fe ff ff ff d4 e8 19 00 9f
packet 2:
  43 00 00 00 00 00 00 00 00 00 00 00 00 00 00 00 00 00 00 00 00 00 00 c0 f2 fc ff ff ff ff ff 00
  00 00 00 6c e8 19 00 07 6f 07 69 54 e9 19 00 30 96 d4 74 42 5f 3e a0 fe ff ff ff d4 e8 19 00 9f
packet 3:
  43 01 00 1d 09 d4 74 46 8c c4 d4 30 08 00 00 00 00 00 00 20 d7 c9 76 24 00 00 00 01 00 00 00 00
  00 00 00 00 00 00 00 00 00 00 00 00 00 00 00 00 00 00 00 00 00 00 00 00 00 00 00 c0 f2 fc ff ff
packet 4:
  40 00 00 7c 92 f9 76 09 23 fb 76 00 00 00 00 c8 e8 19 00 00 00 00 00 00 00 00 00 c8 e8 19 00 c8
  e8 19 00 00 00 04 01 ec e8 19 00 00 09 d4 74 00 00 00 00 1d 09 d4 74 6e 8c c4 d4 88 8f 76 04 00
packet 5:
  04 1e 00 00 00 00 00 20 00 00 00 02 00 00 00 00 00 00 00 20 00 00 00 00 00 00 00 80 e8 19 00 f9
  f6 f5 76 00 00 00 00 01 86 07 f4 1f 00 00 00 20 00 00 00 0f 00 00 00 58 e8 19 00 00 00 04 01 d8

=== RUN 4 ===
packet 0:
  41 00 00 64 00 00 00 14 00 17 00 00 d6 ea 06 17 00 00 00 00 00 00 00 e8 9b 89 04 a8 9f 89 04 f0
  d5 ea 06 00 00 04 01 13 00 00 00 e8 e8 19 00 aa ec f5 76 00 00 00 00 69 86 07 f4 b0 1a e4 06 03
packet 1:
  42 00 00 00 00 00 00 00 00 00 00 00 00 00 00 00 00 00 00 00 00 00 00 c0 f2 fc ff ff ff ff ff 00
  00 00 00 6c e8 19 00 07 88 07 8d 54 e9 19 00 30 96 d4 74 42 5f 3e a0 fe ff ff ff d4 e8 19 00 9f
packet 2:
  43 00 00 00 00 00 00 00 00 00 00 00 00 00 00 00 00 00 00 00 00 00 00 c0 f2 fc ff ff ff ff ff 00
  00 00 00 6c e8 19 00 07 88 07 8d 54 e9 19 00 30 96 d4 74 42 5f 3e a0 fe ff ff ff d4 e8 19 00 9f
packet 3:
  43 01 00 1d 09 d4 74 46 8c c4 d4 30 08 00 00 00 00 00 00 20 d7 c9 76 24 00 00 00 01 00 00 00 00
  00 00 00 00 00 00 00 00 00 00 00 00 00 00 00 00 00 00 00 00 00 00 00 00 00 00 00 c0 f2 fc ff ff
packet 4:
  40 00 00 7c 92 f9 76 09 23 fb 76 00 00 00 00 c8 e8 19 00 00 00 00 00 00 00 00 00 c8 e8 19 00 c8
  e8 19 00 00 00 04 01 ec e8 19 00 00 09 d4 74 00 00 00 00 1d 09 d4 74 6e 8c c4 d4 e8 5e ea 06 00
packet 5:
  04 1e 00 00 00 00 00 20 00 00 00 02 00 00 00 00 00 00 00 20 00 00 00 00 00 00 00 80 e8 19 00 f9
  f6 f5 76 00 00 00 00 01 86 07 f4 1f 00 00 00 20 00 00 00 0f 00 00 00 58 e8 19 00 00 00 04 01 d8

=== RUN 5 ===
packet 0:
  41 00 00 64 00 00 00 14 00 0d 00 d8 1e 7d 04 0d 00 00 00 00 00 00 00 88 8f 76 04 b8 91 76 04 c8
  1e 7d 04 00 00 04 01 13 00 00 00 e8 e8 19 00 aa ec f5 76 00 00 00 00 69 86 07 f4 38 13 ea 06 03
packet 1:
  42 00 00 00 00 00 00 00 00 00 00 00 00 00 00 00 00 00 00 00 00 00 00 c0 f2 fc ff ff ff ff ff 00
  00 00 00 6c e8 19 00 07 d8 07 5f 54 e9 19 00 30 96 d4 74 42 5f 3e a0 fe ff ff ff d4 e8 19 00 9f
packet 2:
  43 00 00 00 00 00 00 00 00 00 00 00 00 00 00 00 00 00 00 00 00 00 00 c0 f2 fc ff ff ff ff ff 00
  00 00 00 6c e8 19 00 07 d8 07 5f 54 e9 19 00 30 96 d4 74 42 5f 3e a0 fe ff ff ff d4 e8 19 00 9f
packet 3:
  43 01 00 1d 09 d4 74 46 8c c4 d4 30 08 00 00 00 00 00 00 20 d7 c9 76 24 00 00 00 01 00 00 00 00
  00 00 00 00 00 00 00 00 00 00 00 00 00 00 00 00 00 00 00 00 00 00 00 00 00 00 00 c0 f2 fc ff ff
packet 4:
  40 00 00 7c 92 f9 76 09 23 fb 76 00 00 00 00 c8 e8 19 00 00 00 00 00 00 00 00 00 c8 e8 19 00 c8
  e8 19 00 00 00 04 01 ec e8 19 00 00 09 d4 74 00 00 00 00 1d 09 d4 74 6e 8c c4 d4 70 b4 e9 06 00
packet 5:
  04 1e 00 00 00 00 00 20 00 00 00 02 00 00 00 00 00 00 00 20 00 00 00 00 00 00 00 80 e8 19 00 f9
  f6 f5 76 00 00 00 00 01 86 07 f4 1f 00 00 00 20 00 00 00 0f 00 00 00 58 e8 19 00 00 00 04 01 d8
